-3 -2.83447
-2.9697 -3.33309
-2.93939 -3.79645
-2.90909 -4.2258
-2.87879 -4.62236
-2.84848 -4.98738
-2.81818 -5.32204
-2.78788 -5.62754
-2.75758 -5.90504
-2.72727 -6.15571
-2.69697 -6.38067
-2.66667 -6.58103
-2.63636 -6.75788
-2.60606 -6.91229
-2.57576 -7.04531
-2.54545 -7.15795
-2.51515 -7.25121
-2.48485 -7.32607
-2.45455 -7.38348
-2.42424 -7.42435
-2.39394 -7.44959
-2.36364 -7.46007
-2.33333 -7.45665
-2.30303 -7.44014
-2.27273 -7.41134
-2.24242 -7.37104
-2.21212 -7.31997
-2.18182 -7.25886
-2.15152 -7.18841
-2.12121 -7.1093
-2.09091 -7.02217
-2.06061 -6.92766
-2.0303 -6.82636
-2 -6.71885
-1.9697 -6.60569
-1.93939 -6.48742
-1.90909 -6.36455
-1.87879 -6.23756
-1.84848 -6.10693
-1.81818 -5.97309
-1.78788 -5.83649
-1.75758 -5.69751
-1.72727 -5.55656
-1.69697 -5.414
-1.66667 -5.27018
-1.63636 -5.12542
-1.60606 -4.98004
-1.57576 -4.83434
-1.54545 -4.6886
-1.51515 -4.54307
-1.48485 -4.398
-1.45455 -4.25363
-1.42424 -4.11017
-1.39394 -3.96782
-1.36364 -3.82678
-1.33333 -3.68721
-1.30303 -3.54928
-1.27273 -3.41313
-1.24242 -3.27891
-1.21212 -3.14675
-1.18182 -3.01674
-1.15152 -2.88901
-1.12121 -2.76364
-1.09091 -2.64072
-1.06061 -2.52032
-1.0303 -2.40252
-1 -2.28736
-0.969697 -2.17489
-0.939394 -2.06517
-0.909091 -1.95821
-0.878788 -1.85406
-0.848485 -1.75273
-0.818182 -1.65424
-0.787879 -1.55859
-0.757576 -1.46578
-0.727273 -1.37583
-0.69697 -1.28871
-0.666667 -1.20442
-0.636364 -1.12294
-0.606061 -1.04425
-0.575758 -0.968328
-0.545455 -0.895145
-0.515152 -0.824671
-0.484848 -0.756872
-0.454545 -0.691711
-0.424242 -0.629149
-0.393939 -0.569146
-0.363636 -0.511657
-0.333333 -0.456637
-0.30303 -0.404039
-0.272727 -0.353814
-0.242424 -0.305913
-0.212121 -0.260283
-0.181818 -0.216873
-0.151515 -0.175629
-0.121212 -0.136497
-0.0909091 -0.0994238
-0.0606061 -0.0643533
-0.030303 -0.0312306
0 0


-3 -3.11111
-2.9 -4.33782
-2.8 -5.4899
-2.7 -6.37698
-2.6 -6.95231
-2.5 -7.28423
-2.4 -7.44161
-2.3 -7.4431
-2.2 -7.29915
-2.1 -7.04477
-2 -6.71674
-1.9 -6.33097
-1.8 -5.89533
-1.7 -5.42683
-1.6 -4.94707
-1.5 -4.46976
-1.4 -3.99937
-1.3 -3.53869
-1.2 -3.09405
-1.1 -2.67387
-1 -2.28432
-0.9 -1.92702
-0.8 -1.60008
-0.7 -1.30113
-0.6 -1.02975
-0.5 -0.787752
-0.4 -0.577478
-0.3 -0.399072
-0.2 -0.248181
-0.1 -0.115009
