-3 -11.8419 -0.672162 -17.0501 11.3595 
-2.9 -12.2919 -1.04423 -13.2982 10.9972 
-2.8 -10.4106 -1.5372 -9.98575 10.5016 
-2.7 -7.25939 -2.13319 -7.09305 9.90582 
-2.6 -4.38503 -2.80206 -4.59635 9.23875 
-2.5 -2.37726 -3.51555 -2.46904 8.52541 
-2.4 -0.790859 -4.25316 -0.682671 7.78709 
-2.3 0.750326 -4.99868 0.792241 7.04168 
-2.2 2.06452 -5.73689 1.98546 6.30396 
-2.1 2.95699 -6.45483 2.92646 5.58589 
-2 3.58039 -7.14342 3.64392 4.89689 
-1.9 4.12552 -7.79626 4.16538 4.24417 
-1.8 4.55762 -8.40794 4.51694 3.63296 
-1.7 4.77364 -8.97423 4.72303 3.0668 
-1.6 4.79866 -9.49294 4.80629 2.54777 
-1.5 4.74174 -9.96373 4.78748 2.07672 
-1.4 4.6624 -10.3871 4.68545 1.65347 
-1.3 4.54025 -10.7639 4.51711 1.27702 
-1.2 4.33765 -11.0954 4.29755 0.945704 
-1.1 4.05528 -11.3836 4.04001 0.657328 
-1 3.73312 -11.6312 3.75605 0.409331 
-0.9 3.41664 -11.8415 3.45559 0.19888 
-0.8 3.12663 -12.0176 3.14705 0.022978 
-0.7 2.85309 -12.1624 2.8375 -0.121454 
-0.6 2.57119 -12.2788 2.53271 -0.237507 
-0.5 2.26434 -12.3694 2.23733 -0.328225 
-0.4 1.94048 -12.4374 1.95501 -0.396559 
-0.3 1.63473 -12.4859 1.68848 -0.445329 
-0.2 1.39954 -12.5181 1.43971 -0.4772 
-0.1 1.28848 -12.5362 1.20998 -0.494658 
