         0          0          0    1.01707          0          0    1.01707 
       0.1   0.101533   0.005081    1.01184   0.101533   0.005081    1.01184 
       0.2   0.202019  0.0202717   0.996147   0.202019  0.0202717   0.996147 
       0.3   0.300413  0.0454151   0.969991   0.300413  0.0454151   0.969991 
       0.4   0.395669  0.0802497   0.933374   0.395669  0.0802497   0.933374 
       0.5   0.486739   0.124409   0.886293   0.486739   0.124409   0.886293 
       0.6   0.572579   0.177423   0.828751   0.572579   0.177423   0.828751 
       0.7   0.652141   0.238716   0.760747   0.652141   0.238716   0.760747 
       0.8   0.724379   0.307607    0.68228   0.724379   0.307607    0.68228 
       0.9   0.788248   0.383313   0.593351   0.788248   0.383313   0.593351 
         1   0.842701   0.464943   0.493959   0.842701   0.464943   0.493959 
       1.1   0.887047   0.551513    0.39479   0.887047   0.551513    0.39479 
       1.2   0.922022    0.64204   0.306528   0.922022    0.64204   0.306528 
       1.3   0.948716   0.735642   0.229171   0.948716   0.735642   0.229171 
       1.4    0.96822   0.831544   0.162721    0.96822   0.831544   0.162721 
       1.5   0.981624   0.929082   0.107178   0.981624   0.929082   0.107178 
       1.6   0.990019     1.0277   0.062541   0.990019     1.0277   0.062541 
       1.7   0.994496    1.12696  0.0288104   0.994496    1.12696  0.0288104 
       1.8   0.996145    1.22651 0.00598633   0.996145    1.22651 0.00598633 
       1.9   0.996057    1.32613 -0.00593135   0.996057    1.32613 -0.00593135 
         2   0.995322     1.4257 -0.00694259   0.995322     1.4257 -0.00694259 
       2.1   0.994839     1.5252 -0.00281896   0.994839     1.5252 -0.00281896 
       2.2   0.994737    1.62468 0.000667969   0.994737    1.62468 0.000667969 
       2.3   0.994952    1.72416  0.0035182   0.994952    1.72416  0.0035182 
       2.4    0.99542    1.82368 0.00573173    0.99542    1.82368 0.00573173 
       2.5   0.996077    1.92325 0.00730856   0.996077    1.92325 0.00730856 
       2.6    0.99686     2.0229 0.00824869    0.99686     2.0229 0.00824869 
       2.7   0.997706    2.12262 0.00855212   0.997706    2.12262 0.00855212 
       2.8   0.998549    2.22244 0.00821885   0.998549    2.22244 0.00821885 
       2.9   0.999328    2.32233 0.00724889   0.999328    2.32233 0.00724889 
         3   0.999978     2.4223 0.00564222   0.999978     2.4223 0.00564222 
       3.1    1.00045    2.52232 0.00383735    1.00045    2.52232 0.00383735 
       3.2    1.00075    2.62238 0.00227278    1.00075    2.62238 0.00227278 
       3.3    1.00091    2.72247 0.000948505    1.00091    2.72247 0.000948505 
       3.4    1.00095    2.82256 -0.000135475    1.00095    2.82256 -0.000135475 
       3.5    1.00089    2.92265 -0.000979159    1.00089    2.92265 -0.000979159 
       3.6    1.00076    3.02274 -0.00158255    1.00076    3.02274 -0.00158255 
       3.7    1.00058     3.1228 -0.00194564    1.00058     3.1228 -0.00194564 
       3.8    1.00038    3.22285 -0.00206843    1.00038    3.22285 -0.00206843 
       3.9    1.00018    3.32288 -0.00195093    1.00018    3.32288 -0.00195093 
         4          1    3.42289 -0.00159313          1    3.42289 -0.00159313 
       4.1   0.999864    3.52288 -0.00113909   0.999864    3.52288 -0.00113909 
       4.2   0.999771    3.62286 -0.000732834   0.999771    3.62286 -0.000732834 
       4.3   0.999716    3.72284 -0.000374375   0.999716    3.72284 -0.000374375 
       4.4   0.999694    3.82281 -6.37106e-05   0.999694    3.82281 -6.37106e-05 
       4.5   0.999701    3.92278 0.000199159   0.999701    3.92278 0.000199159 
       4.6   0.999732    4.02275 0.000414235   0.999732    4.02275 0.000414235 
       4.7   0.999783    4.12272 0.000581515   0.999783    4.12272 0.000581515 
       4.8   0.999847    4.22271 0.000701002   0.999847    4.22271 0.000701002 
       4.9   0.999921    4.32269 0.000772693   0.999921    4.32269 0.000772693 
         5          1    4.42269 0.000796591          1    4.42269 0.000796591 
