         0          0          0    1.11606 
       0.1   0.108873  0.0054892    1.06139 
       0.2   0.212278  0.0215923    1.00672 
       0.3   0.310216  0.0477626   0.952046 
       0.4   0.402687  0.0834533   0.897373 
       0.5   0.489691   0.128118   0.842701 
       0.6   0.571227   0.181209   0.788028 
       0.7   0.647297   0.242181   0.733356 
       0.8   0.717899   0.310486   0.678683 
       0.9   0.783033   0.385579   0.624011 
         1   0.842701   0.466911   0.569338 
       1.1   0.895467   0.553889   0.485995 
       1.2     0.9399   0.645726   0.402652 
       1.3   0.975998   0.741591   0.319308 
       1.4    1.00376   0.840648   0.235965 
       1.5    1.02319   0.942065   0.152621 
       1.6    1.03429    1.04501  0.0692781 
       1.7    1.03705    1.14864 -0.0140653 
       1.8    1.03147    1.25214 -0.0974086 
       1.9    1.01756    1.35466  -0.180752 
         2   0.995322    1.45538  -0.264095 
       2.1     0.9716    1.55368  -0.210345 
       2.2   0.953253    1.64987  -0.156595 
       2.3   0.940281    1.74451  -0.102845 
       2.4   0.932684    1.83811 -0.0490946 
       2.5   0.930462    1.93122 0.00465564 
       2.6   0.933615    2.02438  0.0584058 
       2.7   0.942144    2.11812   0.112156 
       2.8   0.956047    2.21299   0.165906 
       2.9   0.975325    2.30951   0.219656 
         3   0.999978    2.40823   0.273407 
       3.1    1.02458    2.50951    0.21873 
       3.2    1.04372    2.61297   0.164053 
       3.3     1.0574    2.71807   0.109376 
       3.4     1.0656    2.82426   0.054699 
       3.5    1.06834    2.93101 2.20751e-05 
       3.6     1.0656    3.03775 -0.0546548 
       3.7     1.0574    3.14395  -0.109332 
       3.8    1.04374    3.24905  -0.164009 
       3.9     1.0246    3.35251  -0.218686 
         4          1    3.45379  -0.273362 
       4.1   0.975397    3.55251   -0.21869 
       4.2   0.956262    3.64905  -0.164017 
       4.3   0.942594    3.74395  -0.109345 
       4.4   0.934393    3.83775 -0.0546725 
       4.5   0.931659    3.93101 1.54157e-08 
       4.6   0.934393    4.02426  0.0546725 
       4.7   0.942594    4.11807   0.109345 
       4.8   0.956262    4.21296   0.164018 
       4.9   0.975397     4.3095    0.21869 
         5          1    4.40823   0.273363 
