         0          0          0          0          0 
       0.2        1.6       0.16        1.6       0.16 
       0.4        3.2       0.64        3.2       0.64 
       0.6        4.8       1.44        4.8       1.44 
       0.8        6.4       2.56        6.4       2.56 
         1          8          4          8          4 
       1.2        8.8       5.68        8.8       5.68 
       1.4        9.6       7.52        9.6       7.52 
       1.6       10.4       9.52       10.4       9.52 
       1.8       11.2      11.68       11.2      11.68 
         2         12         14         12         14 
       2.2         12       16.4         12       16.4 
       2.4         12       18.8         12       18.8 
       2.6         12       21.2         12       21.2 
       2.8         12       23.6         12       23.6 
         3         12         26         12         26 
       3.2       11.2      28.32       11.2      28.32 
       3.4       10.4      30.48       10.4      30.48 
       3.6        9.6      32.48        9.6      32.48 
       3.8        8.8      34.32        8.8      34.32 
         4          8         36          8         36 
       4.2        6.4      37.44        6.4      37.44 
       4.4        4.8      38.56        4.8      38.56 
       4.6        3.2      39.36        3.2      39.36 
       4.8        1.6      39.84        1.6      39.84 
         5          0         40          0         40 
