         0          0          0          0          0 
       0.1  0.0842701  0.0042135  0.0842701  0.0042135 
       0.2    0.16854   0.016854    0.16854   0.016854 
       0.3    0.25281  0.0379215    0.25281  0.0379215 
       0.4    0.33708  0.0674161    0.33708  0.0674161 
       0.5    0.42135   0.105338    0.42135   0.105338 
       0.6    0.50562   0.151686    0.50562   0.151686 
       0.7   0.589891   0.206462   0.589891   0.206462 
       0.8   0.674161   0.269664   0.674161   0.269664 
       0.9   0.758431   0.341294   0.758431   0.341294 
         1   0.842701    0.42135   0.842701    0.42135 
       1.1   0.857963   0.506384   0.857963   0.506384 
       1.2   0.873225   0.592943   0.873225   0.592943 
       1.3   0.888487   0.681029   0.888487   0.681029 
       1.4   0.903749    0.77064   0.903749    0.77064 
       1.5   0.919012   0.861778   0.919012   0.861778 
       1.6   0.934274   0.954443   0.934274   0.954443 
       1.7   0.949536    1.04863   0.949536    1.04863 
       1.8   0.964798    1.14435   0.964798    1.14435 
       1.9    0.98006    1.24159    0.98006    1.24159 
         2   0.995322    1.34036   0.995322    1.34036 
       2.1   0.995788    1.43992   0.995788    1.43992 
       2.2   0.996253    1.53952   0.996253    1.53952 
       2.3   0.996719    1.63917   0.996719    1.63917 
       2.4   0.997185    1.73886   0.997185    1.73886 
       2.5    0.99765    1.83861    0.99765    1.83861 
       2.6   0.998116    1.93839   0.998116    1.93839 
       2.7   0.998581    2.03823   0.998581    2.03823 
       2.8   0.999047    2.13811   0.999047    2.13811 
       2.9   0.999512    2.23804   0.999512    2.23804 
         3   0.999978    2.33801   0.999978    2.33801 
       3.1    0.99998    2.43801    0.99998    2.43801 
       3.2   0.999982    2.53801   0.999982    2.53801 
       3.3   0.999985    2.63801   0.999985    2.63801 
       3.4   0.999987      2.738   0.999987      2.738 
       3.5   0.999989      2.838   0.999989      2.838 
       3.6   0.999991      2.938   0.999991      2.938 
       3.7   0.999993      3.038   0.999993      3.038 
       3.8   0.999996      3.138   0.999996      3.138 
       3.9   0.999998      3.238   0.999998      3.238 
         4          1      3.338          1      3.338 
       4.1          1      3.438          1      3.438 
       4.2          1      3.538          1      3.538 
       4.3          1      3.638          1      3.638 
       4.4          1      3.738          1      3.738 
       4.5          1      3.838          1      3.838 
       4.6          1      3.938          1      3.938 
       4.7          1      4.038          1      4.038 
       4.8          1      4.138          1      4.138 
       4.9          1      4.238          1      4.238 
         5          1      4.338          1      4.338 
