1000 0.0374062 0.10634
2250 0.0608301 0.0852034
3500 0.069939 0.0364056
4750 0.061544 0.0475226
6000 0.0280134 0.0522368
7250 0.00608727 0.0529268
8500 0.00864339 0.0510945
9750 0.0020518 0.0451169
11000 0.0166606 0.0467801
12250 0.0199313 0.0539746
13500 0.0294582 0.0456257
14750 0.0299231 0.0516154
16000 0.222225 0.0223667
17250 0.196488 0.0246171
18500 0.184652 0.0248788
19750 0.170929 0.0289181
21000 0.162199 0.0306516
22250 0.160324 0.0250009
23500 0.146874 0.0246108
24750 0.134311 0.0280755
26000 0.127584 0.0308958
27250 0.117503 0.0327071
28500 0.114955 0.0338391
29750 0.107651 0.0305579
31000 0.0998802 0.0314917
32250 0.0918759 0.0135697
33500 0.0883272 0.0163812
34750 0.0838032 0.0151691
36000 0.0775389 0.014847
37250 0.0752024 0.0150987
38500 0.0719742 0.0167782
39750 0.0679734 0.0186475
41000 0.0635885 0.0205252
42250 0.0564904 0.0209799
43500 0.053554 0.0222972
44750 0.0512032 0.0236324
46000 0.0503066 0.0253231
47250 0.050424 0.0234027
48500 0.04696 0.0251468
49750 0.0429875 0.0266118
51000 0.0408469 0.0237315
52250 0.0390524 0.0252895
53500 0.0377504 0.0264749
54750 0.045901 0.0254678
56000 0.0440334 0.0229095
57250 0.0417875 0.0243096
58500 0.0384665 0.0240208
59750 0.0362398 0.0164599
61000 0.0377803 0.0177854
62250 0.0373625 0.0193949
63500 0.042443 0.0188213
64750 0.039364 0.0194402
66000 0.0513688 0.0174878
67250 0.0578494 0.0154551
68500 0.0550648 0.0172327
69750 0.0563801 0.0168033
71000 0.0534454 0.0181582
72250 0.0530882 0.0188144
73500 0.051528 0.0191864
74750 0.0502711 0.020469
76000 0.0492684 0.0205986
77250 0.0462501 0.0208461
78500 0.0448122 0.0211226
79750 0.0428988 0.0204143
81000 0.0401498 0.0203865
82250 0.039106 0.0208811
83500 0.0370609 0.0213771
84750 0.0379725 0.0217975
86000 0.0397776 0.0226332
87250 0.0383498 0.0205492
88500 0.0372863 0.0198853
89750 0.0643182 0.0208779
91000 0.064406 0.0218988
92250 0.0623359 0.0228957
93500 0.0598084 0.0230823
94750 0.060556 0.0219164
96000 0.0609458 0.0222592
97250 0.0599677 0.023151
98500 0.0582256 0.0225044
99750 0.0599733 0.0187921
101000 0.0587389 0.0194276
102250 0.0592778 0.0118973
103500 0.0610552 0.0124284
104750 0.0605921 0.0132583
106000 0.0604315 0.0140559
107250 0.0598038 0.0146574
108500 0.0579322 0.0146575
109750 0.0576368 0.0157732
111000 0.0570254 0.0161039
112250 0.054778 0.0170856
113500 0.0589511 0.0158233
114750 0.0595435 0.0162244
116000 0.0581151 0.0159607
117250 0.0566914 0.0153388
118500 0.0549511 0.0165061
119750 0.0548607 0.0165642
121000 0.0582202 0.0150729
122250 0.0579987 0.0157887
123500 0.05672 0.0164785
124750 0.0550081 0.0165392
126000 0.0543485 0.0172522
127250 0.0549021 0.0177585
128500 0.0530712 0.0177945
129750 0.0515681 0.0165275
131000 0.0496198 0.0172294
132250 0.0480637 0.0171284
133500 0.0468966 0.0167734
134750 0.0452906 0.0170644
136000 0.0451444 0.017258
137250 0.0437807 0.0172266
138500 0.0427548 0.0178837
139750 0.042888 0.0185279
141000 0.0412255 0.0187377
142250 0.0396789 0.018758
143500 0.0386447 0.0176807
144750 0.0372411 0.0172228
146000 0.0361588 0.0157506
147250 0.0355971 0.0164268
148500 0.0355195 0.0163246
149750 0.0340568 0.0169334
151000 0.0343397 0.0170072
152250 0.0342753 0.0173143
153500 0.0340118 0.0174406
154750 0.0340579 0.0175747
156000 0.0328567 0.0179973
157250 0.0321822 0.0187172
158500 0.0326942 0.0189669
159750 0.0361783 0.0183029
161000 0.0357454 0.0183093
162250 0.0347173 0.0185873
163500 0.0336737 0.0194312
164750 0.0330514 0.0173437
166000 0.0329631 0.0179092
167250 0.0320251 0.0175795
168500 0.0323667 0.0171479
169750 0.0316737 0.0176729
171000 0.0308203 0.0182857
172250 0.0311864 0.018657
173500 0.0304299 0.0176776
174750 0.0298071 0.0179566
176000 0.0293033 0.0186316
177250 0.0287 0.0189855
178500 0.0281336 0.0194941
179750 0.027398 0.0183678
181000 0.0273233 0.0180831
182250 0.0259549 0.0183878
183500 0.0254792 0.0186537
184750 0.0257393 0.0192095
186000 0.0246182 0.0189462
187250 0.0239795 0.018723
188500 0.0261393 0.0175582
189750 0.0256083 0.0180239
191000 0.0253184 0.0178913
192250 0.0259716 0.0183067
193500 0.0295377 0.0185069
194750 0.0291299 0.0184586
196000 0.0286049 0.0188497
197250 0.0285902 0.0192207
198500 0.0282467 0.0187326
199750 0.0277526 0.0191184
