        2 -0.126543083710961 
      2.5 -0.335049691497362 
        3 -0.423976145315848 
      3.5 -0.464346838455373 
        4 -0.4833110467503 
      4.5 -0.492205200335506 
        5 -0.496413603220697 
      5.5 -0.498425233009135 
        6 -0.499280490553764 
      6.5 -0.499682143029852 
        7 -0.499862225766186 
      7.5 -0.499943843958728 
        8 -0.499975371111384 
      8.5 -0.499989744245297 
        9 -0.499996820359042 
      9.5 -0.499998653423344 
       10 -0.499999578253744 
     10.5 -0.500000381452828 
       11 -0.500000259659876 
     11.5 -0.500000264772203 
       12 -0.500000418655163 
     12.5 -0.500000312706347 
       13 -0.500000286254763 
     13.5 -0.500000321202849 
       14 -0.500000283197156 
     14.5 -0.500000266018481 
       15 -0.500000270885772 
     15.5 -0.50000025512495 
