        1 -0.498510255328558 
      1.5 -0.49995315528045 
        2 -0.499450520031766 
      2.5 -0.500228348172388 
        3 -0.500169235929661 
      3.5 -0.500069212385478 
        4 -0.50001885624742 
      4.5 -0.500003179974071 
        5 -0.500000097693688 
      5.5 -0.500042290464399 
        6 -0.500004340254377 
      6.5 -0.50000020157967 
        7 -0.500000132944564 
      7.5 -0.500002858696515 
        8 -0.500000444520439 
      8.5 -0.500000310282903 
        9 -0.500001307889347 
      9.5 -0.500000440840665 
       10 -0.50000034138145 
     10.5 -0.500000682453765 
       11 -0.500000380812078 
     11.5 -0.500000322897968 
       12 -0.500000438454545 
     12.5 -0.500000320763255 
       13 -0.500000297772456 
     13.5 -0.500000322493937 
       14 -0.500000283736253 
     14.5 -0.500000266256751 
       15 -0.50000027097483 
     15.5 -0.50000025516317 
