 6.28e-08  6.28e-08         1 
 1.23e-07  1.23e-07         1 
 3.75e-06  3.75e-06         1 
 5.85e-05  5.85e-05         1 
 0.000356  0.000356     0.999 
  0.00119   0.00119     0.998 
  0.00277   0.00276     0.994 
  0.00505   0.00502      0.99 
   0.0079   0.00784     0.984 
   0.0111     0.011     0.978 
   0.0146    0.0144     0.971 
   0.0183     0.018     0.964 
    0.022    0.0215     0.957 
   0.0258    0.0252     0.949 
   0.0296    0.0288     0.942 
   0.0335    0.0324     0.935 
   0.0373    0.0359     0.927 
   0.0412    0.0395      0.92 
    0.045     0.043     0.913 
   0.0488    0.0465     0.906 
   0.0527      0.05     0.899 
   0.0565    0.0534     0.892 
   0.0604    0.0568     0.885 
   0.0642    0.0602     0.878 
   0.0681    0.0636     0.871 
   0.0719    0.0669     0.864 
   0.0758    0.0702     0.857 
   0.0796    0.0735      0.85 
   0.0835    0.0768     0.843 
   0.0873      0.08     0.836 
   0.0912    0.0833      0.83 
   0.0951    0.0865     0.823 
   0.0989    0.0896     0.816 
    0.103    0.0928     0.809 
    0.107    0.0959     0.803 
    0.111     0.099     0.796 
    0.114     0.102      0.79 
    0.118     0.105     0.783 
    0.122     0.108     0.777 
    0.126     0.111      0.77 
     0.13     0.114     0.764 
    0.134     0.117     0.757 
    0.138      0.12     0.751 
    0.142     0.123     0.745 
    0.146     0.126     0.738 
     0.15     0.129     0.732 
    0.154     0.132     0.726 
    0.158     0.135      0.72 
    0.161     0.137     0.713 
    0.165      0.14     0.707 
    0.169     0.143     0.701 
    0.173     0.146     0.695 
    0.177     0.148     0.689 
    0.181     0.151     0.683 
    0.185     0.154     0.677 
    0.189     0.157     0.671 
    0.193     0.159     0.665 
    0.197     0.162     0.659 
    0.201     0.165     0.653 
    0.205     0.167     0.647 
    0.209      0.17     0.641 
    0.213     0.172     0.636 
    0.217     0.175      0.63 
    0.221     0.177     0.624 
    0.225      0.18     0.618 
    0.229     0.182     0.613 
    0.234     0.185     0.607 
    0.238     0.187     0.601 
    0.242      0.19     0.596 
    0.246     0.192      0.59 
     0.25     0.195     0.584 
    0.254     0.197     0.579 
    0.258     0.199     0.573 
    0.262     0.202     0.568 
    0.266     0.204     0.562 
     0.27     0.206     0.557 
    0.275     0.209     0.551 
    0.279     0.211     0.546 
    0.283     0.213      0.54 
    0.287     0.215     0.535 
    0.291     0.218      0.53 
    0.295      0.22     0.524 
      0.3     0.222     0.519 
    0.304     0.224     0.514 
    0.308     0.226     0.509 
    0.312     0.228     0.503 
    0.316     0.231     0.498 
    0.321     0.233     0.493 
    0.325     0.235     0.488 
    0.329     0.237     0.483 
    0.333     0.239     0.478 
    0.338     0.241     0.472 
    0.342     0.243     0.467 
    0.346     0.245     0.462 
    0.351     0.247     0.457 
    0.355     0.249     0.452 
    0.359     0.251     0.447 
    0.364     0.253     0.442 
    0.368     0.255     0.437 
    0.372     0.257     0.432 
    0.377     0.258     0.428 
    0.381      0.26     0.423 
    0.386     0.262     0.418 
     0.39     0.264     0.413 
    0.394     0.266     0.408 
    0.399     0.268     0.403 
    0.403     0.269     0.399 
    0.408     0.271     0.394 
    0.412     0.273     0.389 
    0.417     0.275     0.385 
    0.421     0.276      0.38 
    0.426     0.278     0.375 
     0.43      0.28     0.371 
    0.435     0.281     0.366 
    0.439     0.283     0.361 
    0.444     0.285     0.357 
    0.449     0.286     0.352 
    0.453     0.288     0.348 
    0.458      0.29     0.343 
    0.462     0.291     0.339 
    0.467     0.293     0.334 
    0.472     0.294      0.33 
    0.476     0.296     0.325 
    0.481     0.297     0.321 
    0.486     0.299     0.316 
    0.491       0.3     0.312 
    0.495     0.302     0.308 
      0.5     0.303     0.303 
    0.505     0.305     0.299 
     0.51     0.306     0.295 
    0.514     0.308      0.29 
    0.519     0.309     0.286 
    0.524      0.31     0.282 
    0.529     0.312     0.278 
    0.534     0.313     0.273 
    0.539     0.314     0.269 
    0.544     0.316     0.265 
    0.549     0.317     0.261 
    0.554     0.318     0.257 
    0.559      0.32     0.252 
    0.564     0.321     0.248 
    0.569     0.322     0.244 
    0.574     0.323      0.24 
    0.579     0.324     0.236 
    0.584     0.326     0.232 
    0.589     0.327     0.228 
    0.594     0.328     0.224 
    0.599     0.329      0.22 
    0.604      0.33     0.216 
     0.61     0.331     0.212 
    0.615     0.332     0.208 
     0.62     0.334     0.204 
    0.625     0.335       0.2 
    0.631     0.336     0.197 
    0.636     0.337     0.193 
    0.641     0.338     0.189 
    0.647     0.339     0.185 
    0.652      0.34     0.181 
    0.658     0.341     0.177 
    0.663     0.342     0.174 
    0.668     0.343      0.17 
    0.674     0.343     0.166 
    0.679     0.344     0.162 
    0.685     0.345     0.159 
    0.691     0.346     0.155 
    0.696     0.347     0.151 
    0.702     0.348     0.148 
    0.708     0.349     0.144 
    0.713      0.35      0.14 
    0.719      0.35     0.137 
    0.725     0.351     0.133 
    0.731     0.352      0.13 
    0.736     0.353     0.126 
    0.742     0.353     0.123 
    0.748     0.354     0.119 
    0.754     0.355     0.116 
     0.76     0.355     0.112 
    0.766     0.356     0.109 
    0.772     0.357     0.105 
    0.778     0.357     0.102 
    0.784     0.358    0.0984 
     0.79     0.359    0.0951 
    0.797     0.359    0.0917 
    0.803      0.36    0.0883 
    0.809      0.36     0.085 
    0.815     0.361    0.0817 
    0.822     0.361    0.0784 
    0.828     0.362    0.0751 
    0.835     0.362    0.0718 
    0.841     0.363    0.0686 
    0.847     0.363    0.0654 
    0.854     0.364    0.0621 
    0.861     0.364     0.059 
    0.867     0.364    0.0558 
    0.874     0.365    0.0526 
    0.881     0.365    0.0495 
    0.887     0.365    0.0464 
    0.894     0.366    0.0433 
    0.901     0.366    0.0402 
    0.908     0.366    0.0371 
    0.915     0.366    0.0341 
    0.922     0.367    0.0311 
    0.929     0.367    0.0281 
    0.936     0.367    0.0251 
    0.943     0.367    0.0221 
     0.95     0.367    0.0192 
    0.958     0.368    0.0162 
    0.965     0.368    0.0133 
    0.972     0.368    0.0105 
     0.98     0.368   0.00758 
    0.987     0.368   0.00474 
    0.995     0.368   0.00191 
        1     0.368 -0.000892 
     1.01     0.368  -0.00368 
     1.02     0.368  -0.00644 
     1.03     0.368  -0.00918 
     1.03     0.368   -0.0119 
     1.04     0.368   -0.0146 
     1.05     0.367   -0.0173 
     1.06     0.367   -0.0199 
     1.07     0.367   -0.0226 
     1.07     0.367   -0.0252 
     1.08     0.367   -0.0278 
     1.09     0.366   -0.0304 
      1.1     0.366   -0.0329 
     1.11     0.366   -0.0354 
     1.12     0.366   -0.0379 
     1.12     0.365   -0.0404 
     1.13     0.365   -0.0429 
     1.14     0.364   -0.0453 
     1.15     0.364   -0.0477 
     1.16     0.364   -0.0501 
     1.17     0.363   -0.0525 
     1.18     0.363   -0.0548 
     1.19     0.362   -0.0571 
      1.2     0.362   -0.0594 
     1.21     0.361   -0.0616 
     1.22      0.36   -0.0639 
     1.23      0.36   -0.0661 
     1.23     0.359   -0.0683 
     1.24     0.359   -0.0704 
     1.25     0.358   -0.0726 
     1.26     0.357   -0.0747 
     1.27     0.356   -0.0768 
     1.28     0.355   -0.0788 
      1.3     0.355   -0.0808 
     1.31     0.354   -0.0828 
     1.32     0.353   -0.0848 
     1.33     0.352   -0.0867 
     1.34     0.351   -0.0886 
     1.35      0.35   -0.0905 
     1.36     0.349   -0.0924 
     1.37     0.348   -0.0942 
     1.38     0.347    -0.096 
     1.39     0.346   -0.0977 
     1.41     0.345   -0.0995 
     1.42     0.343    -0.101 
     1.43     0.342    -0.103 
     1.44     0.341    -0.104 
     1.45      0.34    -0.106 
     1.47     0.338    -0.108 
     1.48     0.337    -0.109 
     1.49     0.336    -0.111 
      1.5     0.334    -0.112 
     1.52     0.333    -0.114 
     1.53     0.331    -0.115 
     1.55      0.33    -0.116 
     1.56     0.328    -0.118 
     1.57     0.326    -0.119 
     1.59     0.325     -0.12 
      1.6     0.323    -0.121 
     1.62     0.321    -0.122 
     1.63     0.319    -0.124 
     1.65     0.317    -0.125 
     1.66     0.315    -0.126 
     1.68     0.313    -0.127 
     1.69     0.311    -0.128 
     1.71     0.309    -0.128 
     1.73     0.307    -0.129 
     1.74     0.305     -0.13 
     1.76     0.303    -0.131 
     1.78       0.3    -0.131 
      1.8     0.298    -0.132 
     1.82     0.295    -0.133 
     1.83     0.293    -0.133 
     1.85      0.29    -0.134 
     1.87     0.288    -0.134 
     1.89     0.285    -0.135 
     1.91     0.282    -0.135 
     1.94     0.279    -0.135 
     1.96     0.276    -0.135 
     1.98     0.273    -0.135 
        2      0.27    -0.135 
     2.03     0.267    -0.135 
     2.05     0.264    -0.135 
     2.08      0.26    -0.135 
      2.1     0.257    -0.135 
     2.13     0.253    -0.134 
     2.15      0.25    -0.134 
     2.18     0.246    -0.133 
     2.21     0.242    -0.133 
     2.24     0.238    -0.132 
     2.27     0.234    -0.131 
     2.31      0.23     -0.13 
     2.34     0.225    -0.129 
     2.37     0.221    -0.128 
     2.41     0.216    -0.127 
     2.45     0.212    -0.125 
     2.49     0.207    -0.124 
     2.52     0.202    -0.122 
     2.57     0.197     -0.12 
     2.61     0.192    -0.118 
     2.65     0.187    -0.117 
     2.69     0.182    -0.115 
     2.74     0.177    -0.112 
     2.78     0.172     -0.11 
     2.83     0.167    -0.108 
     2.88     0.162    -0.106 
     2.92     0.157    -0.103 
     2.97     0.153    -0.101 
     3.01     0.148   -0.0989 
     3.06     0.144   -0.0966 
     3.11     0.139   -0.0943 
     3.15     0.135   -0.0921 
      3.2     0.131   -0.0898 
     3.24     0.127   -0.0876 
     3.29     0.123   -0.0854 
     3.33     0.119   -0.0832 
     3.38     0.115   -0.0811 
     3.42     0.112    -0.079 
     3.47     0.108   -0.0769 
     3.51     0.105   -0.0748 
     3.56     0.101   -0.0728 
     3.61     0.098   -0.0708 
     3.65    0.0948   -0.0688 
      3.7    0.0917   -0.0669 
     3.74    0.0886   -0.0649 
     3.79    0.0857   -0.0631 
     3.84    0.0828   -0.0612 
     3.88    0.0799   -0.0593 
     3.93    0.0772   -0.0575 
     3.98    0.0745   -0.0558 
     4.03    0.0718    -0.054 
     4.07    0.0693   -0.0523 
     4.12    0.0667   -0.0506 
     4.17    0.0643   -0.0489 
     4.22    0.0619   -0.0472 
     4.27    0.0595   -0.0456 
     4.32    0.0572    -0.044 
     4.38     0.055   -0.0424 
     4.43    0.0528   -0.0409 
     4.48    0.0507   -0.0394 
     4.54    0.0486   -0.0379 
     4.59    0.0465   -0.0364 
     4.65    0.0445   -0.0349 
     4.71    0.0426   -0.0335 
     4.76    0.0407   -0.0321 
     4.82    0.0388   -0.0308 
     4.88     0.037   -0.0294 
     4.94    0.0352   -0.0281 
     5.01    0.0335   -0.0268 
     5.07    0.0318   -0.0256 
     5.14    0.0302   -0.0243 
      5.2    0.0286   -0.0231 
     5.27    0.0271   -0.0219 
     5.34    0.0256   -0.0208 
     5.42    0.0241   -0.0196 
     5.49    0.0227   -0.0185 
     5.57    0.0213   -0.0175 
     5.65    0.0199   -0.0164 
     5.73    0.0186   -0.0154 
     5.81    0.0174   -0.0144 
      5.9    0.0162   -0.0134 
     5.99     0.015   -0.0125 
     6.08    0.0139   -0.0116 
     6.18    0.0128   -0.0107 
     6.28    0.0117  -0.00987 
     6.39    0.0107  -0.00905 
      6.5   0.00977  -0.00827 
     6.62   0.00885  -0.00751 
     6.74   0.00797  -0.00679 
     6.87   0.00714   -0.0061 
     7.01   0.00635  -0.00545 
     7.15   0.00561  -0.00482 
     7.31   0.00491  -0.00424 
     7.47   0.00426  -0.00369 
     7.65   0.00365  -0.00317 
     7.85   0.00309  -0.00269 
     8.06   0.00257  -0.00225 
     8.29    0.0021  -0.00185 
     8.54   0.00169  -0.00149 
     8.82   0.00132  -0.00116 
     9.14  0.000996 -0.000883 
     9.51  0.000725 -0.000643 
     9.94  0.000503 -0.000445 
     10.4   0.00033 -0.000286 
     11.1  0.000205 -0.000165 
     11.8  0.000127 -7.58e-05 
     12.8  0.000105 -8.29e-07 
     14.2  0.000184  0.000119 
     15.5  0.000482  0.000422 
