         5    7.6e-05    2.1e-05    2.5e-05
        10   0.000526    6.3e-05   0.000236
        15   0.001848   0.000175    0.00092
        20   0.005195   0.000346    0.00214
        25   0.009934   0.000587   0.004394
        30   0.017036   0.001063   0.007459
        35   0.026015   0.001621   0.011713
        40   0.041349   0.002242   0.019543
        45   0.057367   0.003147    0.02583
        50   0.081722   0.004144   0.036533
        55   0.108276    0.00535   0.048526
        60   0.139327   0.007485   0.068632
        65   0.194417   0.009414    0.08456
        70   0.236975   0.010956   0.106981
        75   0.281002   0.012905   0.125064
        80   0.334881   0.016568   0.149958
        85   0.409727   0.018648   0.183923
        90   0.494108   0.022552   0.220205
        95   0.573774   0.025968   0.258133
       100    0.66979   0.026794   0.301536
