-10 4.53999e-05 4.53999e-05
-9.8 5.54516e-05 5.54516e-05
-9.6 6.77287e-05 6.77287e-05
-9.4 8.27241e-05 8.27241e-05
-9.2 0.000101039 0.000101039
-9 0.00012341 0.00012341
-8.8 0.000150733 0.000150733
-8.6 0.000184106 0.000184106
-8.4 0.000224867 0.000224867
-8.2 0.000274654 0.000274654
-8 0.000335463 0.000335463
-7.8 0.000409735 0.000409735
-7.6 0.000500451 0.000500451
-7.4 0.000611253 0.000611253
-7.2 0.000746586 0.000746586
-7 0.000911882 0.000911882
-6.8 0.00111378 0.00111378
-6.6 0.00136037 0.00136037
-6.4 0.00166156 0.00166156
-6.2 0.00202943 0.00202943
-6 0.00247875 0.00247875
-5.8 0.00302755 0.00302755
-5.6 0.00369786 0.00369786
-5.4 0.00451658 0.00451658
-5.2 0.00551656 0.00551656
-5 0.00673795 0.00673795
-4.8 0.00822975 0.00822975
-4.6 0.0100518 0.0100518
-4.4 0.0122773 0.0122773
-4.2 0.0149956 0.0149956
-4 0.0183156 0.0183156
-3.8 0.0223708 0.0223708
-3.6 0.0273237 0.0273237
-3.4 0.0333733 0.0333733
-3.2 0.0407622 0.0407622
-3 0.0497871 0.0497871
-2.8 0.0608101 0.0608101
-2.6 0.0742736 0.0742736
-2.4 0.090718 0.090718
-2.2 0.110803 0.110803
-2 0.135335 0.135335
-1.8 0.165299 0.165299
-1.6 0.201897 0.201897
-1.4 0.246597 0.246597
-1.2 0.301194 0.301194
-1 0.367879 0.367879
-0.8 0.449329 0.449329
-0.6 0.548812 0.548812
-0.4 0.67032 0.67032
-0.2 0.818731 0.818731
-2.05391e-15 1 1
0.2 1.2214 1.2214
0.4 1.49182 1.49182
0.6 1.82212 1.82212
0.8 2.22554 2.22554
1 2.71828 2.71828
1.2 3.32012 3.32012
1.4 4.0552 4.0552
1.6 4.95303 4.95303
1.8 6.04965 6.04965
2 7.38906 7.38906
2.2 9.02501 9.02501
2.4 11.0232 11.0232
2.6 13.4637 13.4637
2.8 16.4446 16.4446
3 20.0855 20.0855
3.2 24.5325 24.5325
3.4 29.9641 29.9641
3.6 36.5982 36.5982
3.8 44.7012 44.7012
4 54.5982 54.5982
4.2 66.6863 66.6863
4.4 81.4509 81.4509
4.6 99.4843 99.4843
4.8 121.51 121.51
5 148.413 148.413
5.2 181.272 181.272
5.4 221.406 221.406
5.6 270.426 270.426
5.8 330.3 330.3
6 403.429 403.429
6.2 492.749 492.749
6.4 601.845 601.845
6.6 735.095 735.095
6.8 897.847 897.847
7 1096.63 1096.63
7.2 1339.43 1339.43
7.4 1635.98 1635.98
7.6 1998.2 1998.2
7.8 2440.6 2440.6
8 2980.96 2980.96
8.2 3640.95 3640.95
8.4 4447.07 4447.07
8.6 5431.66 5431.66
8.8 6634.24 6634.24
9 8103.08 8103.08
9.2 9897.13 9897.13
9.4 12088.4 12088.4
9.6 14764.8 14764.8
9.8 18033.7 18033.7
10 22026.5 22026.5
