       300   0.036018   0.019918
       310   0.039811   0.021984
       320   0.063725   0.036867
       330   0.047245   0.026879
       340   0.052684   0.034678
       350   0.077815   0.038162
       360   0.066398    0.03766
       370   0.069229    0.04079
       380   0.075624   0.043213
       390   0.081901   0.048471
       400   0.101311   0.060048
       410   0.097772   0.056107
       420   0.101478   0.061099
       430   0.109297   0.064864
       440   0.118605   0.069782
       450   0.123669   0.074228
       460   0.130029   0.078677
       470   0.150258   0.094718
       480   0.210091   0.120442
       490   0.158477   0.095976
       500   0.168593   0.102147
       510   0.186755   0.109565
       520   0.193501   0.118222
       530   0.214622   0.129757
       540   0.225483   0.131927
       550    0.23253   0.138779
       560   0.285394    0.17108
       570   0.250371   0.155369
       580   0.269209   0.164443
       590   0.295078    0.17553
       600    0.30304   0.186885
