        0     6e+06        10         0 
     0.01     6e+06        10    0.0143 
    0.189     6e+06      10.4     0.275 
     1.27     6e+06      12.7      2.05 
     4.59     6e+06      23.3      9.97 
     10.9     6e+06      68.3      43.8 
     17.7     6e+06       215       153 
       21     6e+06       386       282 
     23.1     6e+06       577       425 
     24.8     6e+06       790       585 
     26.1     6e+06  1.02e+03       754 
     27.2     6e+06  1.25e+03       931 
     28.2     6e+06  1.51e+03  1.12e+03 
     29.1     6e+06  1.78e+03  1.33e+03 
     29.9     6e+06  2.07e+03  1.54e+03 
     30.5     6e+06  2.36e+03  1.76e+03 
     31.2     6e+06  2.66e+03  1.99e+03 
     31.8  5.99e+06  2.97e+03  2.22e+03 
     32.3  5.99e+06   3.3e+03  2.47e+03 
     32.8  5.99e+06  3.63e+03  2.72e+03 
     33.3  5.99e+06  3.98e+03  2.98e+03 
     33.8  5.99e+06  4.33e+03  3.24e+03 
     34.2  5.99e+06   4.7e+03  3.52e+03 
     34.6  5.99e+06  5.08e+03  3.81e+03 
       35  5.99e+06  5.47e+03   4.1e+03 
     35.4  5.99e+06  5.87e+03   4.4e+03 
     35.7  5.99e+06  6.28e+03  4.71e+03 
       36  5.99e+06   6.7e+03  5.02e+03 
     36.4  5.99e+06  7.12e+03  5.34e+03 
     36.7  5.99e+06  7.55e+03  5.67e+03 
       37  5.99e+06  7.99e+03     6e+03 
     37.3  5.99e+06  8.43e+03  6.33e+03 
     37.5  5.98e+06  8.88e+03  6.67e+03 
     37.8  5.98e+06  9.33e+03  7.01e+03 
     38.1  5.98e+06  9.79e+03  7.35e+03 
     38.3  5.98e+06  1.03e+04   7.7e+03 
     38.5  5.98e+06  1.07e+04  8.05e+03 
     38.8  5.98e+06  1.12e+04  8.41e+03 
       39  5.98e+06  1.17e+04  8.77e+03 
     39.2  5.98e+06  1.22e+04  9.14e+03 
     39.4  5.98e+06  1.26e+04  9.51e+03 
     39.6  5.98e+06  1.31e+04  9.88e+03 
     39.8  5.98e+06  1.36e+04  1.03e+04 
       40  5.98e+06  1.41e+04  1.06e+04 
     40.2  5.97e+06  1.47e+04   1.1e+04 
     40.4  5.97e+06  1.52e+04  1.14e+04 
     40.5  5.97e+06  1.57e+04  1.18e+04 
     40.7  5.97e+06  1.62e+04  1.22e+04 
     40.9  5.97e+06  1.67e+04  1.26e+04 
     41.1  5.97e+06  1.73e+04   1.3e+04 
     41.2  5.97e+06  1.78e+04  1.34e+04 
     41.4  5.97e+06  1.84e+04  1.38e+04 
     41.5  5.97e+06  1.89e+04  1.42e+04 
     41.7  5.97e+06  1.95e+04  1.47e+04 
     41.8  5.96e+06     2e+04  1.51e+04 
       42  5.96e+06  2.06e+04  1.55e+04 
     42.1  5.96e+06  2.11e+04  1.59e+04 
     42.3  5.96e+06  2.17e+04  1.64e+04 
     42.4  5.96e+06  2.23e+04  1.68e+04 
     42.5  5.96e+06  2.29e+04  1.72e+04 
     42.7  5.96e+06  2.34e+04  1.77e+04 
     42.8  5.96e+06   2.4e+04  1.81e+04 
     42.9  5.96e+06  2.46e+04  1.86e+04 
     43.1  5.96e+06  2.52e+04   1.9e+04 
     43.2  5.95e+06  2.58e+04  1.95e+04 
     43.3  5.95e+06  2.64e+04  1.99e+04 
     43.4  5.95e+06   2.7e+04  2.04e+04 
     43.5  5.95e+06  2.76e+04  2.09e+04 
     43.7  5.95e+06  2.82e+04  2.13e+04 
     43.8  5.95e+06  2.89e+04  2.18e+04 
     43.9  5.95e+06  2.95e+04  2.23e+04 
       44  5.95e+06  3.01e+04  2.28e+04 
     44.1  5.95e+06  3.07e+04  2.32e+04 
     44.2  5.94e+06  3.14e+04  2.37e+04 
     44.3  5.94e+06   3.2e+04  2.42e+04 
     44.4  5.94e+06  3.27e+04  2.47e+04 
     44.5  5.94e+06  3.33e+04  2.52e+04 
     44.6  5.94e+06   3.4e+04  2.57e+04 
     44.8  5.94e+06  3.46e+04  2.62e+04 
     44.9  5.94e+06  3.53e+04  2.67e+04 
       45  5.94e+06  3.59e+04  2.72e+04 
     45.1  5.94e+06  3.66e+04  2.77e+04 
     45.1  5.93e+06  3.73e+04  2.82e+04 
     45.2  5.93e+06   3.8e+04  2.87e+04 
     45.3  5.93e+06  3.86e+04  2.93e+04 
     45.4  5.93e+06  3.93e+04  2.98e+04 
     45.5  5.93e+06     4e+04  3.03e+04 
     45.6  5.93e+06  4.07e+04  3.08e+04 
     45.7  5.93e+06  4.14e+04  3.14e+04 
     45.8  5.93e+06  4.21e+04  3.19e+04 
     45.9  5.92e+06  4.28e+04  3.24e+04 
       46  5.92e+06  4.35e+04   3.3e+04 
     46.1  5.92e+06  4.42e+04  3.35e+04 
     46.1  5.92e+06  4.49e+04  3.41e+04 
     46.2  5.92e+06  4.56e+04  3.46e+04 
     46.3  5.92e+06  4.63e+04  3.52e+04 
     46.4  5.92e+06   4.7e+04  3.57e+04 
     46.5  5.92e+06  4.78e+04  3.63e+04 
     46.6  5.91e+06  4.85e+04  3.68e+04 
     46.6  5.91e+06  4.92e+04  3.74e+04 
     46.7  5.91e+06     5e+04   3.8e+04 
     46.8  5.91e+06  5.07e+04  3.85e+04 
     46.9  5.91e+06  5.14e+04  3.91e+04 
       47  5.91e+06  5.22e+04  3.97e+04 
       47  5.91e+06  5.29e+04  4.02e+04 
     47.1  5.91e+06  5.37e+04  4.08e+04 
     47.2   5.9e+06  5.44e+04  4.14e+04 
     47.3   5.9e+06  5.52e+04   4.2e+04 
     47.3   5.9e+06   5.6e+04  4.26e+04 
     47.4   5.9e+06  5.67e+04  4.32e+04 
     47.5   5.9e+06  5.75e+04  4.38e+04 
     47.5   5.9e+06  5.83e+04  4.44e+04 
     47.6   5.9e+06   5.9e+04  4.49e+04 
     47.7  5.89e+06  5.98e+04  4.55e+04 
     47.8  5.89e+06  6.06e+04  4.62e+04 
     47.8  5.89e+06  6.14e+04  4.68e+04 
     47.9  5.89e+06  6.22e+04  4.74e+04 
       48  5.89e+06  6.29e+04   4.8e+04 
       48  5.89e+06  6.37e+04  4.86e+04 
     48.1  5.89e+06  6.45e+04  4.92e+04 
     48.2  5.88e+06  6.53e+04  4.98e+04 
     48.2  5.88e+06  6.61e+04  5.05e+04 
     48.3  5.88e+06  6.69e+04  5.11e+04 
     48.4  5.88e+06  6.78e+04  5.17e+04 
     48.4  5.88e+06  6.86e+04  5.23e+04 
     48.5  5.88e+06  6.94e+04   5.3e+04 
     48.6  5.88e+06  7.02e+04  5.36e+04 
     48.6  5.87e+06   7.1e+04  5.42e+04 
     48.7  5.87e+06  7.18e+04  5.49e+04 
     48.8  5.87e+06  7.27e+04  5.55e+04 
     48.8  5.87e+06  7.35e+04  5.62e+04 
     48.9  5.87e+06  7.43e+04  5.68e+04 
     48.9  5.87e+06  7.52e+04  5.75e+04 
       49  5.87e+06   7.6e+04  5.81e+04 
     49.1  5.86e+06  7.68e+04  5.88e+04 
     49.1  5.86e+06  7.77e+04  5.95e+04 
     49.2  5.86e+06  7.85e+04  6.01e+04 
     49.2  5.86e+06  7.94e+04  6.08e+04 
     49.3  5.86e+06  8.02e+04  6.15e+04 
     49.4  5.86e+06  8.11e+04  6.21e+04 
     49.4  5.86e+06   8.2e+04  6.28e+04 
     49.5  5.85e+06  8.28e+04  6.35e+04 
     49.5  5.85e+06  8.37e+04  6.41e+04 
     49.6  5.85e+06  8.46e+04  6.48e+04 
     49.6  5.85e+06  8.54e+04  6.55e+04 
     49.7  5.85e+06  8.63e+04  6.62e+04 
     49.7  5.85e+06  8.72e+04  6.69e+04 
     49.8  5.84e+06  8.81e+04  6.76e+04 
     49.9  5.84e+06  8.89e+04  6.83e+04 
     49.9  5.84e+06  8.98e+04   6.9e+04 
       50  5.84e+06  9.07e+04  6.97e+04 
       50  5.84e+06  9.16e+04  7.04e+04 
     50.1  5.84e+06  9.25e+04  7.11e+04 
     50.1  5.83e+06  9.34e+04  7.18e+04 
     50.2  5.83e+06  9.43e+04  7.25e+04 
     50.2  5.83e+06  9.52e+04  7.32e+04 
     50.3  5.83e+06  9.61e+04  7.39e+04 
     50.3  5.83e+06   9.7e+04  7.46e+04 
     50.4  5.83e+06  9.79e+04  7.53e+04 
     50.4  5.83e+06  9.88e+04  7.61e+04 
     50.5  5.82e+06  9.97e+04  7.68e+04 
     50.5  5.82e+06  1.01e+05  7.75e+04 
     50.6  5.82e+06  1.02e+05  7.82e+04 
     50.6  5.82e+06  1.03e+05   7.9e+04 
     50.7  5.82e+06  1.03e+05  7.97e+04 
     50.7  5.82e+06  1.04e+05  8.05e+04 
     50.8  5.81e+06  1.05e+05  8.12e+04 
     50.8  5.81e+06  1.06e+05  8.19e+04 
     50.9  5.81e+06  1.07e+05  8.27e+04 
     50.9  5.81e+06  1.08e+05  8.34e+04 
       51  5.81e+06  1.09e+05  8.42e+04 
       51  5.81e+06   1.1e+05  8.49e+04 
     51.1   5.8e+06  1.11e+05  8.57e+04 
     51.1   5.8e+06  1.12e+05  8.64e+04 
     51.2   5.8e+06  1.13e+05  8.72e+04 
     51.2   5.8e+06  1.14e+05   8.8e+04 
     51.3   5.8e+06  1.15e+05  8.87e+04 
     51.3  5.79e+06  1.16e+05  8.95e+04 
     51.4  5.79e+06  1.17e+05  9.03e+04 
     51.4  5.79e+06  1.18e+05   9.1e+04 
     51.5  5.79e+06  1.19e+05  9.18e+04 
     51.5  5.79e+06   1.2e+05  9.26e+04 
     51.5  5.79e+06  1.21e+05  9.34e+04 
     51.6  5.78e+06  1.22e+05  9.41e+04 
     51.6  5.78e+06  1.23e+05  9.49e+04 
     51.7  5.78e+06  1.24e+05  9.57e+04 
     51.7  5.78e+06  1.25e+05  9.65e+04 
     51.8  5.78e+06  1.25e+05  9.73e+04 
     51.8  5.78e+06  1.26e+05  9.81e+04 
     51.9  5.77e+06  1.27e+05  9.89e+04 
     51.9  5.77e+06  1.28e+05  9.97e+04 
     51.9  5.77e+06  1.29e+05     1e+05 
       52  5.77e+06   1.3e+05  1.01e+05 
       52  5.77e+06  1.31e+05  1.02e+05 
     52.1  5.76e+06  1.32e+05  1.03e+05 
     52.1  5.76e+06  1.33e+05  1.04e+05 
     52.2  5.76e+06  1.34e+05  1.05e+05 
     52.2  5.76e+06  1.36e+05  1.05e+05 
     52.2  5.76e+06  1.37e+05  1.06e+05 
     52.3  5.76e+06  1.38e+05  1.07e+05 
     52.3  5.75e+06  1.39e+05  1.08e+05 
     52.4  5.75e+06   1.4e+05  1.09e+05 
     52.4  5.75e+06  1.41e+05  1.09e+05 
     52.5  5.75e+06  1.42e+05   1.1e+05 
     52.5  5.75e+06  1.43e+05  1.11e+05 
     52.5  5.74e+06  1.44e+05  1.12e+05 
     52.6  5.74e+06  1.45e+05  1.13e+05 
     52.6  5.74e+06  1.46e+05  1.14e+05 
     52.7  5.74e+06  1.47e+05  1.14e+05 
     52.7  5.74e+06  1.48e+05  1.15e+05 
     52.7  5.73e+06  1.49e+05  1.16e+05 
     52.8  5.73e+06   1.5e+05  1.17e+05 
     52.8  5.73e+06  1.51e+05  1.18e+05 
     52.9  5.73e+06  1.52e+05  1.19e+05 
     52.9  5.73e+06  1.53e+05   1.2e+05 
     52.9  5.73e+06  1.54e+05   1.2e+05 
       53  5.72e+06  1.55e+05  1.21e+05 
       53  5.72e+06  1.56e+05  1.22e+05 
     53.1  5.72e+06  1.57e+05  1.23e+05 
     53.1  5.72e+06  1.58e+05  1.24e+05 
     53.1  5.72e+06  1.59e+05  1.25e+05 
     53.2  5.71e+06  1.61e+05  1.26e+05 
     53.2  5.71e+06  1.62e+05  1.27e+05 
     53.2  5.71e+06  1.63e+05  1.27e+05 
     53.3  5.71e+06  1.64e+05  1.28e+05 
     53.3  5.71e+06  1.65e+05  1.29e+05 
     53.4   5.7e+06  1.66e+05   1.3e+05 
     53.4   5.7e+06  1.67e+05  1.31e+05 
     53.4   5.7e+06  1.68e+05  1.32e+05 
     53.5   5.7e+06  1.69e+05  1.33e+05 
     53.5   5.7e+06   1.7e+05  1.34e+05 
     53.5  5.69e+06  1.71e+05  1.35e+05 
     53.6  5.69e+06  1.72e+05  1.36e+05 
     53.6  5.69e+06  1.74e+05  1.36e+05 
     53.7  5.69e+06  1.75e+05  1.37e+05 
     53.7  5.69e+06  1.76e+05  1.38e+05 
     53.7  5.68e+06  1.77e+05  1.39e+05 
     53.8  5.68e+06  1.78e+05   1.4e+05 
     53.8  5.68e+06  1.79e+05  1.41e+05 
     53.8  5.68e+06   1.8e+05  1.42e+05 
     53.9  5.68e+06  1.81e+05  1.43e+05 
     53.9  5.67e+06  1.82e+05  1.44e+05 
     53.9  5.67e+06  1.84e+05  1.45e+05 
       54  5.67e+06  1.85e+05  1.46e+05 
       54  5.67e+06  1.86e+05  1.47e+05 
       54  5.67e+06  1.87e+05  1.47e+05 
     54.1  5.66e+06  1.88e+05  1.48e+05 
     54.1  5.66e+06  1.89e+05  1.49e+05 
     54.2  5.66e+06   1.9e+05   1.5e+05 
     54.2  5.66e+06  1.92e+05  1.51e+05 
     54.2  5.66e+06  1.93e+05  1.52e+05 
     54.3  5.65e+06  1.94e+05  1.53e+05 
     54.3  5.65e+06  1.95e+05  1.54e+05 
     54.3  5.65e+06  1.96e+05  1.55e+05 
     54.4  5.65e+06  1.97e+05  1.56e+05 
     54.4  5.64e+06  1.98e+05  1.57e+05 
     54.4  5.64e+06     2e+05  1.58e+05 
     54.5  5.64e+06  2.01e+05  1.59e+05 
     54.5  5.64e+06  2.02e+05   1.6e+05 
     54.5  5.64e+06  2.03e+05  1.61e+05 
     54.6  5.63e+06  2.04e+05  1.62e+05 
     54.6  5.63e+06  2.05e+05  1.63e+05 
     54.6  5.63e+06  2.06e+05  1.64e+05 
     54.7  5.63e+06  2.08e+05  1.65e+05 
     54.7  5.63e+06  2.09e+05  1.66e+05 
     54.7  5.62e+06   2.1e+05  1.67e+05 
     54.8  5.62e+06  2.11e+05  1.68e+05 
     54.8  5.62e+06  2.12e+05  1.69e+05 
     54.8  5.62e+06  2.14e+05   1.7e+05 
     54.9  5.61e+06  2.15e+05  1.71e+05 
     54.9  5.61e+06  2.16e+05  1.72e+05 
     54.9  5.61e+06  2.17e+05  1.73e+05 
       55  5.61e+06  2.18e+05  1.74e+05 
       55  5.61e+06  2.19e+05  1.75e+05 
       55   5.6e+06  2.21e+05  1.76e+05 
     55.1   5.6e+06  2.22e+05  1.77e+05 
     55.1   5.6e+06  2.23e+05  1.78e+05 
     55.1   5.6e+06  2.24e+05  1.79e+05 
     55.1  5.59e+06  2.25e+05   1.8e+05 
     55.2  5.59e+06  2.27e+05  1.81e+05 
     55.2  5.59e+06  2.28e+05  1.82e+05 
     55.2  5.59e+06  2.29e+05  1.83e+05 
     55.3  5.59e+06   2.3e+05  1.84e+05 
     55.3  5.58e+06  2.31e+05  1.85e+05 
     55.3  5.58e+06  2.33e+05  1.86e+05 
     55.4  5.58e+06  2.34e+05  1.87e+05 
     55.4  5.58e+06  2.35e+05  1.88e+05 
     55.4  5.57e+06  2.36e+05  1.89e+05 
     55.5  5.57e+06  2.38e+05   1.9e+05 
     55.5  5.57e+06  2.39e+05  1.91e+05 
     55.5  5.57e+06   2.4e+05  1.92e+05 
     55.6  5.57e+06  2.41e+05  1.93e+05 
     55.6  5.56e+06  2.43e+05  1.94e+05 
     55.6  5.56e+06  2.44e+05  1.95e+05 
     55.6  5.56e+06  2.45e+05  1.97e+05 
     55.7  5.56e+06  2.46e+05  1.98e+05 
     55.7  5.55e+06  2.47e+05  1.99e+05 
     55.7  5.55e+06  2.49e+05     2e+05 
     55.8  5.55e+06   2.5e+05  2.01e+05 
     55.8  5.55e+06  2.51e+05  2.02e+05 
     55.8  5.54e+06  2.52e+05  2.03e+05 
     55.9  5.54e+06  2.54e+05  2.04e+05 
     55.9  5.54e+06  2.55e+05  2.05e+05 
     55.9  5.54e+06  2.56e+05  2.06e+05 
     55.9  5.54e+06  2.57e+05  2.07e+05 
       56  5.53e+06  2.59e+05  2.08e+05 
       56  5.53e+06   2.6e+05   2.1e+05 
       56  5.53e+06  2.61e+05  2.11e+05 
     56.1  5.53e+06  2.63e+05  2.12e+05 
     56.1  5.52e+06  2.64e+05  2.13e+05 
     56.1  5.52e+06  2.65e+05  2.14e+05 
     56.2  5.52e+06  2.66e+05  2.15e+05 
     56.2  5.52e+06  2.68e+05  2.16e+05 
     56.2  5.51e+06  2.69e+05  2.17e+05 
     56.2  5.51e+06   2.7e+05  2.18e+05 
     56.3  5.51e+06  2.71e+05   2.2e+05 
     56.3  5.51e+06  2.73e+05  2.21e+05 
     56.3   5.5e+06  2.74e+05  2.22e+05 
     56.4   5.5e+06  2.75e+05  2.23e+05 
     56.4   5.5e+06  2.77e+05  2.24e+05 
     56.4   5.5e+06  2.78e+05  2.25e+05 
     56.4  5.49e+06  2.79e+05  2.26e+05 
     56.5  5.49e+06   2.8e+05  2.27e+05 
     56.5  5.49e+06  2.82e+05  2.29e+05 
     56.5  5.49e+06  2.83e+05   2.3e+05 
     56.6  5.48e+06  2.84e+05  2.31e+05 
     56.6  5.48e+06  2.86e+05  2.32e+05 
     56.6  5.48e+06  2.87e+05  2.33e+05 
     56.6  5.48e+06  2.88e+05  2.34e+05 
     56.7  5.47e+06   2.9e+05  2.35e+05 
     56.7  5.47e+06  2.91e+05  2.37e+05 
     56.7  5.47e+06  2.92e+05  2.38e+05 
     56.7  5.47e+06  2.94e+05  2.39e+05 
     56.8  5.46e+06  2.95e+05   2.4e+05 
     56.8  5.46e+06  2.96e+05  2.41e+05 
     56.8  5.46e+06  2.98e+05  2.43e+05 
     56.9  5.46e+06  2.99e+05  2.44e+05 
     56.9  5.45e+06     3e+05  2.45e+05 
     56.9  5.45e+06  3.01e+05  2.46e+05 
     56.9  5.45e+06  3.03e+05  2.47e+05 
       57  5.45e+06  3.04e+05  2.48e+05 
       57  5.44e+06  3.05e+05   2.5e+05 
       57  5.44e+06  3.07e+05  2.51e+05 
     57.1  5.44e+06  3.08e+05  2.52e+05 
     57.1  5.44e+06   3.1e+05  2.53e+05 
     57.1  5.43e+06  3.11e+05  2.54e+05 
     57.1  5.43e+06  3.12e+05  2.56e+05 
     57.2  5.43e+06  3.14e+05  2.57e+05 
     57.2  5.43e+06  3.15e+05  2.58e+05 
     57.2  5.42e+06  3.16e+05  2.59e+05 
     57.2  5.42e+06  3.18e+05  2.61e+05 
     57.3  5.42e+06  3.19e+05  2.62e+05 
     57.3  5.42e+06   3.2e+05  2.63e+05 
     57.3  5.41e+06  3.22e+05  2.64e+05 
     57.4  5.41e+06  3.23e+05  2.65e+05 
     57.4  5.41e+06  3.24e+05  2.67e+05 
     57.4  5.41e+06  3.26e+05  2.68e+05 
     57.4   5.4e+06  3.27e+05  2.69e+05 
     57.5   5.4e+06  3.29e+05   2.7e+05 
     57.5   5.4e+06   3.3e+05  2.72e+05 
     57.5   5.4e+06  3.31e+05  2.73e+05 
     57.5  5.39e+06  3.33e+05  2.74e+05 
     57.6  5.39e+06  3.34e+05  2.75e+05 
     57.6  5.39e+06  3.35e+05  2.77e+05 
     57.6  5.39e+06  3.37e+05  2.78e+05 
     57.6  5.38e+06  3.38e+05  2.79e+05 
     57.7  5.38e+06   3.4e+05   2.8e+05 
     57.7  5.38e+06  3.41e+05  2.82e+05 
     57.7  5.37e+06  3.42e+05  2.83e+05 
     57.7  5.37e+06  3.44e+05  2.84e+05 
     57.8  5.37e+06  3.45e+05  2.86e+05 
     57.8  5.37e+06  3.47e+05  2.87e+05 
     57.8  5.36e+06  3.48e+05  2.88e+05 
     57.9  5.36e+06  3.49e+05  2.89e+05 
     57.9  5.36e+06  3.51e+05  2.91e+05 
     57.9  5.36e+06  3.52e+05  2.92e+05 
     57.9  5.35e+06  3.54e+05  2.93e+05 
       58  5.35e+06  3.55e+05  2.95e+05 
       58  5.35e+06  3.56e+05  2.96e+05 
       58  5.34e+06  3.58e+05  2.97e+05 
       58  5.34e+06  3.59e+05  2.99e+05 
     58.1  5.34e+06  3.61e+05     3e+05 
     58.1  5.34e+06  3.62e+05  3.01e+05 
     58.1  5.33e+06  3.63e+05  3.03e+05 
     58.1  5.33e+06  3.65e+05  3.04e+05 
     58.2  5.33e+06  3.66e+05  3.05e+05 
     58.2  5.33e+06  3.68e+05  3.07e+05 
     58.2  5.32e+06  3.69e+05  3.08e+05 
     58.2  5.32e+06  3.71e+05  3.09e+05 
     58.3  5.32e+06  3.72e+05  3.11e+05 
     58.3  5.31e+06  3.73e+05  3.12e+05 
     58.3  5.31e+06  3.75e+05  3.13e+05 
     58.3  5.31e+06  3.76e+05  3.15e+05 
     58.4  5.31e+06  3.78e+05  3.16e+05 
     58.4   5.3e+06  3.79e+05  3.17e+05 
     58.4   5.3e+06  3.81e+05  3.19e+05 
     58.4   5.3e+06  3.82e+05   3.2e+05 
     58.5   5.3e+06  3.84e+05  3.21e+05 
     58.5  5.29e+06  3.85e+05  3.23e+05 
     58.5  5.29e+06  3.86e+05  3.24e+05 
     58.5  5.29e+06  3.88e+05  3.26e+05 
     58.6  5.28e+06  3.89e+05  3.27e+05 
     58.6  5.28e+06  3.91e+05  3.28e+05 
     58.6  5.28e+06  3.92e+05   3.3e+05 
     58.6  5.28e+06  3.94e+05  3.31e+05 
     58.7  5.27e+06  3.95e+05  3.32e+05 
     58.7  5.27e+06  3.97e+05  3.34e+05 
     58.7  5.27e+06  3.98e+05  3.35e+05 
     58.7  5.26e+06     4e+05  3.37e+05 
     58.8  5.26e+06  4.01e+05  3.38e+05 
     58.8  5.26e+06  4.03e+05  3.39e+05 
     58.8  5.26e+06  4.04e+05  3.41e+05 
     58.8  5.25e+06  4.06e+05  3.42e+05 
     58.9  5.25e+06  4.07e+05  3.44e+05 
     58.9  5.25e+06  4.09e+05  3.45e+05 
     58.9  5.24e+06   4.1e+05  3.47e+05 
     58.9  5.24e+06  4.11e+05  3.48e+05 
       59  5.24e+06  4.13e+05  3.49e+05 
       59  5.23e+06  4.14e+05  3.51e+05 
       59  5.23e+06  4.16e+05  3.52e+05 
       59  5.23e+06  4.17e+05  3.54e+05 
     59.1  5.23e+06  4.19e+05  3.55e+05 
     59.1  5.22e+06   4.2e+05  3.57e+05 
     59.1  5.22e+06  4.22e+05  3.58e+05 
     59.1  5.22e+06  4.23e+05   3.6e+05 
     59.1  5.21e+06  4.25e+05  3.61e+05 
     59.2  5.21e+06  4.26e+05  3.63e+05 
     59.2  5.21e+06  4.28e+05  3.64e+05 
     59.2  5.21e+06  4.29e+05  3.65e+05 
     59.2   5.2e+06  4.31e+05  3.67e+05 
     59.3   5.2e+06  4.33e+05  3.68e+05 
     59.3   5.2e+06  4.34e+05   3.7e+05 
     59.3  5.19e+06  4.36e+05  3.71e+05 
     59.3  5.19e+06  4.37e+05  3.73e+05 
     59.4  5.19e+06  4.39e+05  3.74e+05 
     59.4  5.18e+06   4.4e+05  3.76e+05 
     59.4  5.18e+06  4.42e+05  3.77e+05 
     59.4  5.18e+06  4.43e+05  3.79e+05 
     59.5  5.17e+06  4.45e+05   3.8e+05 
     59.5  5.17e+06  4.46e+05  3.82e+05 
     59.5  5.17e+06  4.48e+05  3.83e+05 
     59.5  5.17e+06  4.49e+05  3.85e+05 
     59.6  5.16e+06  4.51e+05  3.87e+05 
     59.6  5.16e+06  4.52e+05  3.88e+05 
     59.6  5.16e+06  4.54e+05   3.9e+05 
     59.6  5.15e+06  4.56e+05  3.91e+05 
     59.7  5.15e+06  4.57e+05  3.93e+05 
     59.7  5.15e+06  4.59e+05  3.94e+05 
     59.7  5.14e+06   4.6e+05  3.96e+05 
     59.7  5.14e+06  4.62e+05  3.97e+05 
     59.7  5.14e+06  4.63e+05  3.99e+05 
     59.8  5.13e+06  4.65e+05     4e+05 
     59.8  5.13e+06  4.66e+05  4.02e+05 
     59.8  5.13e+06  4.68e+05  4.04e+05 
     59.8  5.13e+06   4.7e+05  4.05e+05 
     59.9  5.12e+06  4.71e+05  4.07e+05 
     59.9  5.12e+06  4.73e+05  4.08e+05 
     59.9  5.12e+06  4.74e+05   4.1e+05 
     59.9  5.11e+06  4.76e+05  4.12e+05 
       60  5.11e+06  4.77e+05  4.13e+05 
       60  5.11e+06  4.79e+05  4.15e+05 
       60   5.1e+06  4.81e+05  4.16e+05 
       60   5.1e+06  4.82e+05  4.18e+05 
     60.1   5.1e+06  4.84e+05   4.2e+05 
     60.1  5.09e+06  4.85e+05  4.21e+05 
     60.1  5.09e+06  4.87e+05  4.23e+05 
     60.1  5.09e+06  4.88e+05  4.24e+05 
     60.1  5.08e+06   4.9e+05  4.26e+05 
     60.2  5.08e+06  4.92e+05  4.28e+05 
     60.2  5.08e+06  4.93e+05  4.29e+05 
     60.2  5.07e+06  4.95e+05  4.31e+05 
     60.2  5.07e+06  4.96e+05  4.33e+05 
     60.3  5.07e+06  4.98e+05  4.34e+05 
     60.3  5.06e+06     5e+05  4.36e+05 
     60.3  5.06e+06  5.01e+05  4.38e+05 
     60.3  5.06e+06  5.03e+05  4.39e+05 
     60.4  5.05e+06  5.04e+05  4.41e+05 
     60.4  5.05e+06  5.06e+05  4.43e+05 
     60.4  5.05e+06  5.08e+05  4.44e+05 
     60.4  5.04e+06  5.09e+05  4.46e+05 
     60.4  5.04e+06  5.11e+05  4.48e+05 
     60.5  5.04e+06  5.13e+05  4.49e+05 
     60.5  5.03e+06  5.14e+05  4.51e+05 
     60.5  5.03e+06  5.16e+05  4.53e+05 
     60.5  5.03e+06  5.17e+05  4.54e+05 
     60.6  5.02e+06  5.19e+05  4.56e+05 
     60.6  5.02e+06  5.21e+05  4.58e+05 
     60.6  5.02e+06  5.22e+05  4.59e+05 
     60.6  5.01e+06  5.24e+05  4.61e+05 
     60.7  5.01e+06  5.26e+05  4.63e+05 
     60.7  5.01e+06  5.27e+05  4.65e+05 
     60.7     5e+06  5.29e+05  4.66e+05 
     60.7     5e+06  5.31e+05  4.68e+05 
     60.7     5e+06  5.32e+05   4.7e+05 
     60.8  4.99e+06  5.34e+05  4.72e+05 
     60.8  4.99e+06  5.35e+05  4.73e+05 
     60.8  4.99e+06  5.37e+05  4.75e+05 
     60.8  4.98e+06  5.39e+05  4.77e+05 
     60.9  4.98e+06   5.4e+05  4.79e+05 
     60.9  4.98e+06  5.42e+05   4.8e+05 
     60.9  4.97e+06  5.44e+05  4.82e+05 
     60.9  4.97e+06  5.45e+05  4.84e+05 
       61  4.97e+06  5.47e+05  4.86e+05 
       61  4.96e+06  5.49e+05  4.88e+05 
       61  4.96e+06   5.5e+05  4.89e+05 
       61  4.96e+06  5.52e+05  4.91e+05 
       61  4.95e+06  5.54e+05  4.93e+05 
     61.1  4.95e+06  5.55e+05  4.95e+05 
     61.1  4.95e+06  5.57e+05  4.97e+05 
     61.1  4.94e+06  5.59e+05  4.98e+05 
     61.1  4.94e+06   5.6e+05     5e+05 
     61.2  4.94e+06  5.62e+05  5.02e+05 
     61.2  4.93e+06  5.64e+05  5.04e+05 
     61.2  4.93e+06  5.66e+05  5.06e+05 
     61.2  4.93e+06  5.67e+05  5.08e+05 
     61.2  4.92e+06  5.69e+05  5.09e+05 
     61.3  4.92e+06  5.71e+05  5.11e+05 
     61.3  4.91e+06  5.72e+05  5.13e+05 
     61.3  4.91e+06  5.74e+05  5.15e+05 
     61.3  4.91e+06  5.76e+05  5.17e+05 
     61.4   4.9e+06  5.77e+05  5.19e+05 
     61.4   4.9e+06  5.79e+05  5.21e+05 
     61.4   4.9e+06  5.81e+05  5.22e+05 
     61.4  4.89e+06  5.82e+05  5.24e+05 
     61.5  4.89e+06  5.84e+05  5.26e+05 
     61.5  4.89e+06  5.86e+05  5.28e+05 
     61.5  4.88e+06  5.88e+05   5.3e+05 
     61.5  4.88e+06  5.89e+05  5.32e+05 
     61.5  4.88e+06  5.91e+05  5.34e+05 
     61.6  4.87e+06  5.93e+05  5.36e+05 
     61.6  4.87e+06  5.95e+05  5.38e+05 
     61.6  4.86e+06  5.96e+05   5.4e+05 
     61.6  4.86e+06  5.98e+05  5.42e+05 
     61.7  4.86e+06     6e+05  5.44e+05 
     61.7  4.85e+06  6.01e+05  5.46e+05 
     61.7  4.85e+06  6.03e+05  5.47e+05 
     61.7  4.85e+06  6.05e+05  5.49e+05 
     61.7  4.84e+06  6.07e+05  5.51e+05 
     61.8  4.84e+06  6.08e+05  5.53e+05 
     61.8  4.83e+06   6.1e+05  5.55e+05 
     61.8  4.83e+06  6.12e+05  5.57e+05 
     61.8  4.83e+06  6.14e+05  5.59e+05 
     61.9  4.82e+06  6.15e+05  5.61e+05 
     61.9  4.82e+06  6.17e+05  5.63e+05 
     61.9  4.82e+06  6.19e+05  5.65e+05 
     61.9  4.81e+06  6.21e+05  5.67e+05 
       62  4.81e+06  6.22e+05  5.69e+05 
       62   4.8e+06  6.24e+05  5.71e+05 
       62   4.8e+06  6.26e+05  5.73e+05 
       62   4.8e+06  6.28e+05  5.75e+05 
       62  4.79e+06  6.29e+05  5.77e+05 
     62.1  4.79e+06  6.31e+05   5.8e+05 
     62.1  4.79e+06  6.33e+05  5.82e+05 
     62.1  4.78e+06  6.35e+05  5.84e+05 
     62.1  4.78e+06  6.36e+05  5.86e+05 
     62.2  4.77e+06  6.38e+05  5.88e+05 
     62.2  4.77e+06   6.4e+05   5.9e+05 
     62.2  4.77e+06  6.42e+05  5.92e+05 
     62.2  4.76e+06  6.44e+05  5.94e+05 
     62.2  4.76e+06  6.45e+05  5.96e+05 
     62.3  4.75e+06  6.47e+05  5.98e+05 
     62.3  4.75e+06  6.49e+05     6e+05 
     62.3  4.75e+06  6.51e+05  6.02e+05 
     62.3  4.74e+06  6.53e+05  6.05e+05 
     62.4  4.74e+06  6.54e+05  6.07e+05 
     62.4  4.74e+06  6.56e+05  6.09e+05 
     62.4  4.73e+06  6.58e+05  6.11e+05 
     62.4  4.73e+06   6.6e+05  6.13e+05 
     62.5  4.72e+06  6.62e+05  6.15e+05 
     62.5  4.72e+06  6.63e+05  6.17e+05 
     62.5  4.72e+06  6.65e+05   6.2e+05 
     62.5  4.71e+06  6.67e+05  6.22e+05 
     62.5  4.71e+06  6.69e+05  6.24e+05 
     62.6   4.7e+06  6.71e+05  6.26e+05 
     62.6   4.7e+06  6.72e+05  6.28e+05 
     62.6   4.7e+06  6.74e+05  6.31e+05 
     62.6  4.69e+06  6.76e+05  6.33e+05 
     62.7  4.69e+06  6.78e+05  6.35e+05 
     62.7  4.68e+06   6.8e+05  6.37e+05 
     62.7  4.68e+06  6.82e+05  6.39e+05 
     62.7  4.68e+06  6.83e+05  6.42e+05 
     62.7  4.67e+06  6.85e+05  6.44e+05 
     62.8  4.67e+06  6.87e+05  6.46e+05 
     62.8  4.66e+06  6.89e+05  6.48e+05 
     62.8  4.66e+06  6.91e+05  6.51e+05 
     62.8  4.65e+06  6.93e+05  6.53e+05 
     62.9  4.65e+06  6.94e+05  6.55e+05 
     62.9  4.65e+06  6.96e+05  6.57e+05 
     62.9  4.64e+06  6.98e+05   6.6e+05 
     62.9  4.64e+06     7e+05  6.62e+05 
       63  4.63e+06  7.02e+05  6.64e+05 
       63  4.63e+06  7.04e+05  6.67e+05 
       63  4.63e+06  7.05e+05  6.69e+05 
       63  4.62e+06  7.07e+05  6.71e+05 
       63  4.62e+06  7.09e+05  6.74e+05 
     63.1  4.61e+06  7.11e+05  6.76e+05 
     63.1  4.61e+06  7.13e+05  6.78e+05 
     63.1   4.6e+06  7.15e+05  6.81e+05 
     63.1   4.6e+06  7.17e+05  6.83e+05 
     63.2   4.6e+06  7.19e+05  6.85e+05 
     63.2  4.59e+06   7.2e+05  6.88e+05 
     63.2  4.59e+06  7.22e+05   6.9e+05 
     63.2  4.58e+06  7.24e+05  6.93e+05 
     63.3  4.58e+06  7.26e+05  6.95e+05 
     63.3  4.57e+06  7.28e+05  6.97e+05 
     63.3  4.57e+06   7.3e+05     7e+05 
     63.3  4.57e+06  7.32e+05  7.02e+05 
     63.4  4.56e+06  7.34e+05  7.05e+05 
     63.4  4.56e+06  7.35e+05  7.07e+05 
     63.4  4.55e+06  7.37e+05   7.1e+05 
     63.4  4.55e+06  7.39e+05  7.12e+05 
     63.4  4.54e+06  7.41e+05  7.15e+05 
     63.5  4.54e+06  7.43e+05  7.17e+05 
     63.5  4.54e+06  7.45e+05  7.19e+05 
     63.5  4.53e+06  7.47e+05  7.22e+05 
     63.5  4.53e+06  7.49e+05  7.24e+05 
     63.6  4.52e+06  7.51e+05  7.27e+05 
     63.6  4.52e+06  7.53e+05  7.29e+05 
     63.6  4.51e+06  7.54e+05  7.32e+05 
     63.6  4.51e+06  7.56e+05  7.35e+05 
     63.7   4.5e+06  7.58e+05  7.37e+05 
     63.7   4.5e+06   7.6e+05   7.4e+05 
     63.7   4.5e+06  7.62e+05  7.42e+05 
     63.7  4.49e+06  7.64e+05  7.45e+05 
     63.7  4.49e+06  7.66e+05  7.47e+05 
     63.8  4.48e+06  7.68e+05   7.5e+05 
     63.8  4.48e+06   7.7e+05  7.53e+05 
     63.8  4.47e+06  7.72e+05  7.55e+05 
     63.8  4.47e+06  7.74e+05  7.58e+05 
     63.9  4.46e+06  7.76e+05   7.6e+05 
     63.9  4.46e+06  7.78e+05  7.63e+05 
     63.9  4.45e+06  7.79e+05  7.66e+05 
     63.9  4.45e+06  7.81e+05  7.68e+05 
       64  4.45e+06  7.83e+05  7.71e+05 
       64  4.44e+06  7.85e+05  7.74e+05 
       64  4.44e+06  7.87e+05  7.76e+05 
       64  4.43e+06  7.89e+05  7.79e+05 
     64.1  4.43e+06  7.91e+05  7.82e+05 
     64.1  4.42e+06  7.93e+05  7.84e+05 
     64.1  4.42e+06  7.95e+05  7.87e+05 
     64.1  4.41e+06  7.97e+05   7.9e+05 
     64.2  4.41e+06  7.99e+05  7.93e+05 
     64.2   4.4e+06  8.01e+05  7.95e+05 
     64.2   4.4e+06  8.03e+05  7.98e+05 
     64.2  4.39e+06  8.05e+05  8.01e+05 
     64.2  4.39e+06  8.07e+05  8.04e+05 
     64.3  4.38e+06  8.09e+05  8.06e+05 
     64.3  4.38e+06  8.11e+05  8.09e+05 
     64.3  4.38e+06  8.13e+05  8.12e+05 
     64.3  4.37e+06  8.15e+05  8.15e+05 
     64.4  4.37e+06  8.17e+05  8.18e+05 
     64.4  4.36e+06  8.19e+05   8.2e+05 
     64.4  4.36e+06  8.21e+05  8.23e+05 
     64.4  4.35e+06  8.22e+05  8.26e+05 
     64.5  4.35e+06  8.24e+05  8.29e+05 
     64.5  4.34e+06  8.26e+05  8.32e+05 
     64.5  4.34e+06  8.28e+05  8.35e+05 
     64.5  4.33e+06   8.3e+05  8.38e+05 
     64.6  4.33e+06  8.32e+05   8.4e+05 
     64.6  4.32e+06  8.34e+05  8.43e+05 
     64.6  4.32e+06  8.36e+05  8.46e+05 
     64.6  4.31e+06  8.38e+05  8.49e+05 
     64.7  4.31e+06   8.4e+05  8.52e+05 
     64.7   4.3e+06  8.42e+05  8.55e+05 
     64.7   4.3e+06  8.44e+05  8.58e+05 
     64.7  4.29e+06  8.46e+05  8.61e+05 
     64.8  4.29e+06  8.48e+05  8.64e+05 
     64.8  4.28e+06   8.5e+05  8.67e+05 
     64.8  4.28e+06  8.52e+05   8.7e+05 
     64.8  4.27e+06  8.54e+05  8.73e+05 
     64.9  4.27e+06  8.56e+05  8.76e+05 
     64.9  4.26e+06  8.58e+05  8.79e+05 
     64.9  4.26e+06   8.6e+05  8.82e+05 
     64.9  4.25e+06  8.62e+05  8.85e+05 
       65  4.25e+06  8.64e+05  8.88e+05 
       65  4.24e+06  8.66e+05  8.91e+05 
       65  4.24e+06  8.68e+05  8.94e+05 
       65  4.23e+06   8.7e+05  8.98e+05 
     65.1  4.23e+06  8.72e+05  9.01e+05 
     65.1  4.22e+06  8.74e+05  9.04e+05 
     65.1  4.22e+06  8.76e+05  9.07e+05 
     65.1  4.21e+06  8.78e+05   9.1e+05 
     65.2  4.21e+06   8.8e+05  9.13e+05 
     65.2   4.2e+06  8.82e+05  9.16e+05 
     65.2   4.2e+06  8.84e+05   9.2e+05 
     65.2  4.19e+06  8.86e+05  9.23e+05 
     65.3  4.19e+06  8.88e+05  9.26e+05 
     65.3  4.18e+06   8.9e+05  9.29e+05 
     65.3  4.18e+06  8.92e+05  9.32e+05 
     65.3  4.17e+06  8.94e+05  9.36e+05 
     65.4  4.16e+06  8.96e+05  9.39e+05 
     65.4  4.16e+06  8.98e+05  9.42e+05 
     65.4  4.15e+06     9e+05  9.45e+05 
     65.4  4.15e+06  9.02e+05  9.49e+05 
     65.5  4.14e+06  9.05e+05  9.52e+05 
     65.5  4.14e+06  9.07e+05  9.55e+05 
     65.5  4.13e+06  9.09e+05  9.59e+05 
     65.5  4.13e+06  9.11e+05  9.62e+05 
     65.6  4.12e+06  9.13e+05  9.65e+05 
     65.6  4.12e+06  9.15e+05  9.69e+05 
     65.6  4.11e+06  9.17e+05  9.72e+05 
     65.6  4.11e+06  9.19e+05  9.75e+05 
     65.7   4.1e+06  9.21e+05  9.79e+05 
     65.7   4.1e+06  9.23e+05  9.82e+05 
     65.7  4.09e+06  9.25e+05  9.85e+05 
     65.7  4.08e+06  9.27e+05  9.89e+05 
     65.8  4.08e+06  9.29e+05  9.92e+05 
     65.8  4.07e+06  9.31e+05  9.96e+05 
     65.8  4.07e+06  9.33e+05  9.99e+05 
     65.8  4.06e+06  9.35e+05     1e+06 
     65.9  4.06e+06  9.37e+05  1.01e+06 
     65.9  4.05e+06  9.39e+05  1.01e+06 
     65.9  4.05e+06  9.41e+05  1.01e+06 
       66  4.04e+06  9.43e+05  1.02e+06 
       66  4.04e+06  9.45e+05  1.02e+06 
       66  4.03e+06  9.47e+05  1.02e+06 
       66  4.02e+06  9.49e+05  1.03e+06 
     66.1  4.02e+06  9.51e+05  1.03e+06 
     66.1  4.01e+06  9.53e+05  1.03e+06 
     66.1  4.01e+06  9.55e+05  1.04e+06 
     66.1     4e+06  9.57e+05  1.04e+06 
     66.2     4e+06  9.59e+05  1.04e+06 
     66.2  3.99e+06  9.61e+05  1.05e+06 
     66.2  3.99e+06  9.63e+05  1.05e+06 
     66.2  3.98e+06  9.65e+05  1.06e+06 
     66.3  3.97e+06  9.67e+05  1.06e+06 
     66.3  3.97e+06  9.69e+05  1.06e+06 
     66.3  3.96e+06  9.71e+05  1.07e+06 
     66.3  3.96e+06  9.72e+05  1.07e+06 
     66.4  3.95e+06  9.74e+05  1.07e+06 
     66.4  3.95e+06  9.76e+05  1.08e+06 
     66.4  3.94e+06  9.78e+05  1.08e+06 
     66.4  3.93e+06   9.8e+05  1.08e+06 
     66.5  3.93e+06  9.82e+05  1.09e+06 
     66.5  3.92e+06  9.84e+05  1.09e+06 
     66.5  3.92e+06  9.86e+05   1.1e+06 
     66.6  3.91e+06  9.88e+05   1.1e+06 
     66.6  3.91e+06   9.9e+05   1.1e+06 
     66.6   3.9e+06  9.92e+05  1.11e+06 
     66.6   3.9e+06  9.94e+05  1.11e+06 
     66.7  3.89e+06  9.96e+05  1.11e+06 
     66.7  3.88e+06  9.98e+05  1.12e+06 
     66.7  3.88e+06     1e+06  1.12e+06 
     66.7  3.87e+06     1e+06  1.13e+06 
     66.8  3.87e+06     1e+06  1.13e+06 
     66.8  3.86e+06  1.01e+06  1.13e+06 
     66.8  3.86e+06  1.01e+06  1.14e+06 
     66.8  3.85e+06  1.01e+06  1.14e+06 
     66.9  3.84e+06  1.01e+06  1.14e+06 
     66.9  3.84e+06  1.01e+06  1.15e+06 
     66.9  3.83e+06  1.01e+06  1.15e+06 
       67  3.83e+06  1.02e+06  1.16e+06 
       67  3.82e+06  1.02e+06  1.16e+06 
       67  3.82e+06  1.02e+06  1.16e+06 
       67  3.81e+06  1.02e+06  1.17e+06 
     67.1   3.8e+06  1.02e+06  1.17e+06 
     67.1   3.8e+06  1.03e+06  1.18e+06 
     67.1  3.79e+06  1.03e+06  1.18e+06 
     67.1  3.79e+06  1.03e+06  1.18e+06 
     67.2  3.78e+06  1.03e+06  1.19e+06 
     67.2  3.78e+06  1.03e+06  1.19e+06 
     67.2  3.77e+06  1.04e+06   1.2e+06 
     67.2  3.76e+06  1.04e+06   1.2e+06 
     67.3  3.76e+06  1.04e+06   1.2e+06 
     67.3  3.75e+06  1.04e+06  1.21e+06 
     67.3  3.75e+06  1.04e+06  1.21e+06 
     67.3  3.74e+06  1.04e+06  1.21e+06 
     67.4  3.74e+06  1.05e+06  1.22e+06 
     67.4  3.73e+06  1.05e+06  1.22e+06 
     67.4  3.72e+06  1.05e+06  1.23e+06 
     67.5  3.72e+06  1.05e+06  1.23e+06 
     67.5  3.71e+06  1.05e+06  1.23e+06 
     67.5  3.71e+06  1.05e+06  1.24e+06 
     67.5   3.7e+06  1.06e+06  1.24e+06 
     67.6   3.7e+06  1.06e+06  1.25e+06 
     67.6  3.69e+06  1.06e+06  1.25e+06 
     67.6  3.68e+06  1.06e+06  1.25e+06 
     67.6  3.68e+06  1.06e+06  1.26e+06 
     67.7  3.67e+06  1.07e+06  1.26e+06 
     67.7  3.67e+06  1.07e+06  1.27e+06 
     67.7  3.66e+06  1.07e+06  1.27e+06 
     67.7  3.66e+06  1.07e+06  1.27e+06 
     67.8  3.65e+06  1.07e+06  1.28e+06 
     67.8  3.64e+06  1.07e+06  1.28e+06 
     67.8  3.64e+06  1.08e+06  1.29e+06 
     67.8  3.63e+06  1.08e+06  1.29e+06 
     67.9  3.63e+06  1.08e+06  1.29e+06 
     67.9  3.62e+06  1.08e+06   1.3e+06 
     67.9  3.62e+06  1.08e+06   1.3e+06 
     67.9  3.61e+06  1.08e+06  1.31e+06 
       68  3.61e+06  1.08e+06  1.31e+06 
       68   3.6e+06  1.09e+06  1.31e+06 
       68  3.59e+06  1.09e+06  1.32e+06 
       68  3.59e+06  1.09e+06  1.32e+06 
     68.1  3.58e+06  1.09e+06  1.33e+06 
     68.1  3.58e+06  1.09e+06  1.33e+06 
     68.1  3.57e+06  1.09e+06  1.33e+06 
     68.1  3.57e+06   1.1e+06  1.34e+06 
     68.2  3.56e+06   1.1e+06  1.34e+06 
     68.2  3.56e+06   1.1e+06  1.35e+06 
     68.2  3.55e+06   1.1e+06  1.35e+06 
     68.2  3.55e+06   1.1e+06  1.35e+06 
     68.3  3.54e+06   1.1e+06  1.36e+06 
     68.3  3.53e+06   1.1e+06  1.36e+06 
     68.3  3.53e+06  1.11e+06  1.36e+06 
     68.3  3.52e+06  1.11e+06  1.37e+06 
     68.4  3.52e+06  1.11e+06  1.37e+06 
     68.4  3.51e+06  1.11e+06  1.38e+06 
     68.4  3.51e+06  1.11e+06  1.38e+06 
     68.4   3.5e+06  1.11e+06  1.38e+06 
     68.5   3.5e+06  1.11e+06  1.39e+06 
     68.5  3.49e+06  1.12e+06  1.39e+06 
     68.5  3.49e+06  1.12e+06   1.4e+06 
     68.5  3.48e+06  1.12e+06   1.4e+06 
     68.6  3.48e+06  1.12e+06   1.4e+06 
     68.6  3.47e+06  1.12e+06  1.41e+06 
     68.6  3.46e+06  1.12e+06  1.41e+06 
     68.6  3.46e+06  1.12e+06  1.42e+06 
     68.7  3.45e+06  1.13e+06  1.42e+06 
     68.7  3.45e+06  1.13e+06  1.42e+06 
     68.7  3.44e+06  1.13e+06  1.43e+06 
     68.7  3.44e+06  1.13e+06  1.43e+06 
     68.8  3.43e+06  1.13e+06  1.44e+06 
     68.8  3.43e+06  1.13e+06  1.44e+06 
     68.8  3.42e+06  1.13e+06  1.44e+06 
     68.8  3.42e+06  1.14e+06  1.45e+06 
     68.9  3.41e+06  1.14e+06  1.45e+06 
     68.9  3.41e+06  1.14e+06  1.46e+06 
     68.9   3.4e+06  1.14e+06  1.46e+06 
     68.9   3.4e+06  1.14e+06  1.46e+06 
       69  3.39e+06  1.14e+06  1.47e+06 
       69  3.39e+06  1.14e+06  1.47e+06 
       69  3.38e+06  1.14e+06  1.47e+06 
       69  3.38e+06  1.15e+06  1.48e+06 
     69.1  3.37e+06  1.15e+06  1.48e+06 
     69.1  3.37e+06  1.15e+06  1.49e+06 
     69.1  3.36e+06  1.15e+06  1.49e+06 
     69.1  3.36e+06  1.15e+06  1.49e+06 
     69.1  3.35e+06  1.15e+06   1.5e+06 
     69.2  3.35e+06  1.15e+06   1.5e+06 
     69.2  3.34e+06  1.15e+06  1.51e+06 
     69.2  3.34e+06  1.15e+06  1.51e+06 
     69.2  3.33e+06  1.16e+06  1.51e+06 
     69.3  3.33e+06  1.16e+06  1.52e+06 
     69.3  3.32e+06  1.16e+06  1.52e+06 
     69.3  3.32e+06  1.16e+06  1.53e+06 
     69.3  3.31e+06  1.16e+06  1.53e+06 
     69.4  3.31e+06  1.16e+06  1.53e+06 
     69.4   3.3e+06  1.16e+06  1.54e+06 
     69.4   3.3e+06  1.16e+06  1.54e+06 
     69.4  3.29e+06  1.16e+06  1.54e+06 
     69.5  3.29e+06  1.17e+06  1.55e+06 
     69.5  3.28e+06  1.17e+06  1.55e+06 
     69.5  3.28e+06  1.17e+06  1.56e+06 
     69.5  3.27e+06  1.17e+06  1.56e+06 
     69.5  3.27e+06  1.17e+06  1.56e+06 
     69.6  3.26e+06  1.17e+06  1.57e+06 
     69.6  3.26e+06  1.17e+06  1.57e+06 
     69.6  3.25e+06  1.17e+06  1.57e+06 
     69.6  3.25e+06  1.17e+06  1.58e+06 
     69.7  3.24e+06  1.18e+06  1.58e+06 
     69.7  3.24e+06  1.18e+06  1.59e+06 
     69.7  3.23e+06  1.18e+06  1.59e+06 
     69.7  3.23e+06  1.18e+06  1.59e+06 
     69.7  3.22e+06  1.18e+06   1.6e+06 
     69.8  3.22e+06  1.18e+06   1.6e+06 
     69.8  3.21e+06  1.18e+06  1.61e+06 
     69.8  3.21e+06  1.18e+06  1.61e+06 
     69.8   3.2e+06  1.18e+06  1.61e+06 
     69.9   3.2e+06  1.18e+06  1.62e+06 
     69.9   3.2e+06  1.18e+06  1.62e+06 
     69.9  3.19e+06  1.19e+06  1.62e+06 
     69.9  3.19e+06  1.19e+06  1.63e+06 
     69.9  3.18e+06  1.19e+06  1.63e+06 
       70  3.18e+06  1.19e+06  1.64e+06 
       70  3.17e+06  1.19e+06  1.64e+06 
       70  3.17e+06  1.19e+06  1.64e+06 
       70  3.16e+06  1.19e+06  1.65e+06 
     70.1  3.16e+06  1.19e+06  1.65e+06 
     70.1  3.15e+06  1.19e+06  1.65e+06 
     70.1  3.15e+06  1.19e+06  1.66e+06 
     70.1  3.14e+06  1.19e+06  1.66e+06 
     70.1  3.14e+06  1.19e+06  1.67e+06 
     70.2  3.14e+06   1.2e+06  1.67e+06 
     70.2  3.13e+06   1.2e+06  1.67e+06 
     70.2  3.13e+06   1.2e+06  1.68e+06 
     70.2  3.12e+06   1.2e+06  1.68e+06 
     70.3  3.12e+06   1.2e+06  1.68e+06 
     70.3  3.11e+06   1.2e+06  1.69e+06 
     70.3  3.11e+06   1.2e+06  1.69e+06 
     70.3   3.1e+06   1.2e+06   1.7e+06 
     70.3   3.1e+06   1.2e+06   1.7e+06 
     70.4  3.09e+06   1.2e+06   1.7e+06 
     70.4  3.09e+06   1.2e+06  1.71e+06 
     70.4  3.09e+06   1.2e+06  1.71e+06 
     70.4  3.08e+06  1.21e+06  1.71e+06 
     70.4  3.08e+06  1.21e+06  1.72e+06 
     70.5  3.07e+06  1.21e+06  1.72e+06 
     70.5  3.07e+06  1.21e+06  1.72e+06 
     70.5  3.06e+06  1.21e+06  1.73e+06 
     70.5  3.06e+06  1.21e+06  1.73e+06 
     70.6  3.05e+06  1.21e+06  1.74e+06 
     70.6  3.05e+06  1.21e+06  1.74e+06 
     70.6  3.05e+06  1.21e+06  1.74e+06 
     70.6  3.04e+06  1.21e+06  1.75e+06 
     70.6  3.04e+06  1.21e+06  1.75e+06 
     70.7  3.03e+06  1.21e+06  1.75e+06 
     70.7  3.03e+06  1.21e+06  1.76e+06 
     70.7  3.02e+06  1.21e+06  1.76e+06 
     70.7  3.02e+06  1.21e+06  1.76e+06 
     70.7  3.02e+06  1.22e+06  1.77e+06 
     70.8  3.01e+06  1.22e+06  1.77e+06 
     70.8  3.01e+06  1.22e+06  1.78e+06 
     70.8     3e+06  1.22e+06  1.78e+06 
     70.8     3e+06  1.22e+06  1.78e+06 
     70.9  2.99e+06  1.22e+06  1.79e+06 
     70.9  2.99e+06  1.22e+06  1.79e+06 
     70.9  2.99e+06  1.22e+06  1.79e+06 
     70.9  2.98e+06  1.22e+06   1.8e+06 
     70.9  2.98e+06  1.22e+06   1.8e+06 
       71  2.97e+06  1.22e+06  1.81e+06 
       71  2.97e+06  1.22e+06  1.81e+06 
       71  2.97e+06  1.22e+06  1.81e+06 
       71  2.96e+06  1.22e+06  1.82e+06 
       71  2.96e+06  1.22e+06  1.82e+06 
     71.1  2.95e+06  1.22e+06  1.82e+06 
     71.1  2.95e+06  1.22e+06  1.83e+06 
     71.1  2.94e+06  1.23e+06  1.83e+06 
     71.1  2.94e+06  1.23e+06  1.83e+06 
     71.1  2.94e+06  1.23e+06  1.84e+06 
     71.2  2.93e+06  1.23e+06  1.84e+06 
     71.2  2.93e+06  1.23e+06  1.84e+06 
     71.2  2.92e+06  1.23e+06  1.85e+06 
     71.2  2.92e+06  1.23e+06  1.85e+06 
     71.2  2.92e+06  1.23e+06  1.86e+06 
     71.3  2.91e+06  1.23e+06  1.86e+06 
     71.3  2.91e+06  1.23e+06  1.86e+06 
     71.3   2.9e+06  1.23e+06  1.87e+06 
     71.3   2.9e+06  1.23e+06  1.87e+06 
     71.3   2.9e+06  1.23e+06  1.87e+06 
     71.4  2.89e+06  1.23e+06  1.88e+06 
     71.4  2.89e+06  1.23e+06  1.88e+06 
     71.4  2.88e+06  1.23e+06  1.88e+06 
     71.4  2.88e+06  1.23e+06  1.89e+06 
     71.4  2.88e+06  1.23e+06  1.89e+06 
     71.5  2.87e+06  1.23e+06  1.89e+06 
     71.5  2.87e+06  1.23e+06   1.9e+06 
     71.5  2.86e+06  1.23e+06   1.9e+06 
     71.5  2.86e+06  1.23e+06  1.91e+06 
     71.5  2.86e+06  1.24e+06  1.91e+06 
     71.6  2.85e+06  1.24e+06  1.91e+06 
     71.6  2.85e+06  1.24e+06  1.92e+06 
     71.6  2.84e+06  1.24e+06  1.92e+06 
     71.6  2.84e+06  1.24e+06  1.92e+06 
     71.7  2.84e+06  1.24e+06  1.93e+06 
     71.7  2.83e+06  1.24e+06  1.93e+06 
     71.7  2.83e+06  1.24e+06  1.93e+06 
     71.7  2.82e+06  1.24e+06  1.94e+06 
     71.7  2.82e+06  1.24e+06  1.94e+06 
     71.8  2.82e+06  1.24e+06  1.94e+06 
     71.8  2.81e+06  1.24e+06  1.95e+06 
     71.8  2.81e+06  1.24e+06  1.95e+06 
     71.8   2.8e+06  1.24e+06  1.96e+06 
     71.8   2.8e+06  1.24e+06  1.96e+06 
     71.9   2.8e+06  1.24e+06  1.96e+06 
     71.9  2.79e+06  1.24e+06  1.97e+06 
     71.9  2.79e+06  1.24e+06  1.97e+06 
     71.9  2.79e+06  1.24e+06  1.97e+06 
     71.9  2.78e+06  1.24e+06  1.98e+06 
       72  2.78e+06  1.24e+06  1.98e+06 
       72  2.77e+06  1.24e+06  1.98e+06 
       72  2.77e+06  1.24e+06  1.99e+06 
       72  2.77e+06  1.24e+06  1.99e+06 
       72  2.76e+06  1.24e+06  1.99e+06 
       72  2.76e+06  1.24e+06     2e+06 
     72.1  2.75e+06  1.24e+06     2e+06 
     72.1  2.75e+06  1.24e+06     2e+06 
     72.1  2.75e+06  1.24e+06  2.01e+06 
     72.1  2.74e+06  1.24e+06  2.01e+06 
     72.1  2.74e+06  1.24e+06  2.02e+06 
     72.2  2.74e+06  1.24e+06  2.02e+06 
     72.2  2.73e+06  1.24e+06  2.02e+06 
     72.2  2.73e+06  1.25e+06  2.03e+06 
     72.2  2.72e+06  1.25e+06  2.03e+06 
     72.2  2.72e+06  1.25e+06  2.03e+06 
     72.3  2.72e+06  1.25e+06  2.04e+06 
     72.3  2.71e+06  1.25e+06  2.04e+06 
     72.3  2.71e+06  1.25e+06  2.04e+06 
     72.3  2.71e+06  1.25e+06  2.05e+06 
     72.3   2.7e+06  1.25e+06  2.05e+06 
     72.4   2.7e+06  1.25e+06  2.05e+06 
     72.4   2.7e+06  1.25e+06  2.06e+06 
     72.4  2.69e+06  1.25e+06  2.06e+06 
     72.4  2.69e+06  1.25e+06  2.06e+06 
     72.4  2.68e+06  1.25e+06  2.07e+06 
     72.5  2.68e+06  1.25e+06  2.07e+06 
     72.5  2.68e+06  1.25e+06  2.08e+06 
     72.5  2.67e+06  1.25e+06  2.08e+06 
     72.5  2.67e+06  1.25e+06  2.08e+06 
     72.5  2.67e+06  1.25e+06  2.09e+06 
     72.6  2.66e+06  1.25e+06  2.09e+06 
     72.6  2.66e+06  1.25e+06  2.09e+06 
     72.6  2.66e+06  1.25e+06   2.1e+06 
     72.6  2.65e+06  1.25e+06   2.1e+06 
     72.6  2.65e+06  1.25e+06   2.1e+06 
     72.7  2.64e+06  1.25e+06  2.11e+06 
     72.7  2.64e+06  1.25e+06  2.11e+06 
     72.7  2.64e+06  1.25e+06  2.11e+06 
     72.7  2.63e+06  1.25e+06  2.12e+06 
     72.7  2.63e+06  1.25e+06  2.12e+06 
     72.8  2.63e+06  1.25e+06  2.12e+06 
     72.8  2.62e+06  1.25e+06  2.13e+06 
     72.8  2.62e+06  1.25e+06  2.13e+06 
     72.8  2.62e+06  1.25e+06  2.13e+06 
     72.8  2.61e+06  1.25e+06  2.14e+06 
     72.9  2.61e+06  1.25e+06  2.14e+06 
     72.9  2.61e+06  1.25e+06  2.15e+06 
     72.9   2.6e+06  1.25e+06  2.15e+06 
     72.9   2.6e+06  1.25e+06  2.15e+06 
     72.9  2.59e+06  1.25e+06  2.16e+06 
       73  2.59e+06  1.25e+06  2.16e+06 
       73  2.59e+06  1.25e+06  2.16e+06 
       73  2.58e+06  1.25e+06  2.17e+06 
       73  2.58e+06  1.25e+06  2.17e+06 
       73  2.58e+06  1.25e+06  2.17e+06 
     73.1  2.57e+06  1.25e+06  2.18e+06 
     73.1  2.57e+06  1.25e+06  2.18e+06 
     73.1  2.57e+06  1.25e+06  2.18e+06 
     73.1  2.56e+06  1.25e+06  2.19e+06 
     73.1  2.56e+06  1.25e+06  2.19e+06 
     73.2  2.56e+06  1.25e+06  2.19e+06 
     73.2  2.55e+06  1.25e+06   2.2e+06 
     73.2  2.55e+06  1.25e+06   2.2e+06 
     73.2  2.55e+06  1.25e+06   2.2e+06 
     73.2  2.54e+06  1.25e+06  2.21e+06 
     73.2  2.54e+06  1.25e+06  2.21e+06 
     73.3  2.54e+06  1.25e+06  2.21e+06 
     73.3  2.53e+06  1.25e+06  2.22e+06 
     73.3  2.53e+06  1.25e+06  2.22e+06 
     73.3  2.53e+06  1.25e+06  2.23e+06 
     73.3  2.52e+06  1.25e+06  2.23e+06 
     73.4  2.52e+06  1.25e+06  2.23e+06 
     73.4  2.51e+06  1.25e+06  2.24e+06 
     73.4  2.51e+06  1.25e+06  2.24e+06 
     73.4  2.51e+06  1.25e+06  2.24e+06 
     73.4   2.5e+06  1.25e+06  2.25e+06 
     73.5   2.5e+06  1.25e+06  2.25e+06 
     73.5   2.5e+06  1.25e+06  2.25e+06 
     73.5  2.49e+06  1.25e+06  2.26e+06 
     73.5  2.49e+06  1.25e+06  2.26e+06 
     73.5  2.49e+06  1.25e+06  2.26e+06 
     73.6  2.48e+06  1.25e+06  2.27e+06 
     73.6  2.48e+06  1.25e+06  2.27e+06 
     73.6  2.48e+06  1.25e+06  2.27e+06 
     73.6  2.47e+06  1.25e+06  2.28e+06 
     73.6  2.47e+06  1.25e+06  2.28e+06 
     73.7  2.47e+06  1.25e+06  2.28e+06 
     73.7  2.46e+06  1.25e+06  2.29e+06 
     73.7  2.46e+06  1.25e+06  2.29e+06 
     73.7  2.46e+06  1.25e+06   2.3e+06 
     73.7  2.45e+06  1.25e+06   2.3e+06 
     73.8  2.45e+06  1.25e+06   2.3e+06 
     73.8  2.45e+06  1.25e+06  2.31e+06 
     73.8  2.44e+06  1.25e+06  2.31e+06 
     73.8  2.44e+06  1.25e+06  2.31e+06 
     73.8  2.44e+06  1.25e+06  2.32e+06 
     73.9  2.43e+06  1.25e+06  2.32e+06 
     73.9  2.43e+06  1.25e+06  2.32e+06 
     73.9  2.43e+06  1.25e+06  2.33e+06 
     73.9  2.42e+06  1.25e+06  2.33e+06 
     73.9  2.42e+06  1.25e+06  2.33e+06 
       74  2.42e+06  1.25e+06  2.34e+06 
       74  2.41e+06  1.24e+06  2.34e+06 
       74  2.41e+06  1.24e+06  2.34e+06 
       74  2.41e+06  1.24e+06  2.35e+06 
       74  2.41e+06  1.24e+06  2.35e+06 
       74   2.4e+06  1.24e+06  2.35e+06 
     74.1   2.4e+06  1.24e+06  2.36e+06 
     74.1   2.4e+06  1.24e+06  2.36e+06 
     74.1  2.39e+06  1.24e+06  2.36e+06 
     74.1  2.39e+06  1.24e+06  2.37e+06 
     74.1  2.39e+06  1.24e+06  2.37e+06 
     74.2  2.38e+06  1.24e+06  2.38e+06 
     74.2  2.38e+06  1.24e+06  2.38e+06 
     74.2  2.38e+06  1.24e+06  2.38e+06 
     74.2  2.37e+06  1.24e+06  2.39e+06 
     74.2  2.37e+06  1.24e+06  2.39e+06 
     74.3  2.37e+06  1.24e+06  2.39e+06 
     74.3  2.36e+06  1.24e+06   2.4e+06 
     74.3  2.36e+06  1.24e+06   2.4e+06 
     74.3  2.36e+06  1.24e+06   2.4e+06 
     74.3  2.35e+06  1.24e+06  2.41e+06 
     74.4  2.35e+06  1.24e+06  2.41e+06 
     74.4  2.35e+06  1.24e+06  2.41e+06 
     74.4  2.34e+06  1.24e+06  2.42e+06 
     74.4  2.34e+06  1.24e+06  2.42e+06 
     74.4  2.34e+06  1.24e+06  2.42e+06 
     74.5  2.33e+06  1.24e+06  2.43e+06 
     74.5  2.33e+06  1.24e+06  2.43e+06 
     74.5  2.33e+06  1.24e+06  2.43e+06 
     74.5  2.32e+06  1.24e+06  2.44e+06 
     74.5  2.32e+06  1.24e+06  2.44e+06 
     74.6  2.32e+06  1.24e+06  2.44e+06 
     74.6  2.32e+06  1.24e+06  2.45e+06 
     74.6  2.31e+06  1.24e+06  2.45e+06 
     74.6  2.31e+06  1.24e+06  2.46e+06 
     74.6  2.31e+06  1.24e+06  2.46e+06 
     74.7   2.3e+06  1.23e+06  2.46e+06 
     74.7   2.3e+06  1.23e+06  2.47e+06 
     74.7   2.3e+06  1.23e+06  2.47e+06 
     74.7  2.29e+06  1.23e+06  2.47e+06 
     74.7  2.29e+06  1.23e+06  2.48e+06 
     74.8  2.29e+06  1.23e+06  2.48e+06 
     74.8  2.28e+06  1.23e+06  2.48e+06 
     74.8  2.28e+06  1.23e+06  2.49e+06 
     74.8  2.28e+06  1.23e+06  2.49e+06 
     74.8  2.27e+06  1.23e+06  2.49e+06 
     74.9  2.27e+06  1.23e+06   2.5e+06 
     74.9  2.27e+06  1.23e+06   2.5e+06 
     74.9  2.27e+06  1.23e+06   2.5e+06 
     74.9  2.26e+06  1.23e+06  2.51e+06 
     74.9  2.26e+06  1.23e+06  2.51e+06 
       75  2.26e+06  1.23e+06  2.51e+06 
       75  2.25e+06  1.23e+06  2.52e+06 
       75  2.25e+06  1.23e+06  2.52e+06 
       75  2.25e+06  1.23e+06  2.53e+06 
       75  2.24e+06  1.23e+06  2.53e+06 
     75.1  2.24e+06  1.23e+06  2.53e+06 
     75.1  2.24e+06  1.23e+06  2.54e+06 
     75.1  2.24e+06  1.23e+06  2.54e+06 
     75.1  2.23e+06  1.23e+06  2.54e+06 
     75.1  2.23e+06  1.22e+06  2.55e+06 
     75.2  2.23e+06  1.22e+06  2.55e+06 
     75.2  2.22e+06  1.22e+06  2.55e+06 
     75.2  2.22e+06  1.22e+06  2.56e+06 
     75.2  2.22e+06  1.22e+06  2.56e+06 
     75.2  2.21e+06  1.22e+06  2.56e+06 
     75.3  2.21e+06  1.22e+06  2.57e+06 
     75.3  2.21e+06  1.22e+06  2.57e+06 
     75.3   2.2e+06  1.22e+06  2.57e+06 
     75.3   2.2e+06  1.22e+06  2.58e+06 
     75.3   2.2e+06  1.22e+06  2.58e+06 
     75.4   2.2e+06  1.22e+06  2.58e+06 
     75.4  2.19e+06  1.22e+06  2.59e+06 
     75.4  2.19e+06  1.22e+06  2.59e+06 
     75.4  2.19e+06  1.22e+06   2.6e+06 
     75.4  2.18e+06  1.22e+06   2.6e+06 
     75.5  2.18e+06  1.22e+06   2.6e+06 
     75.5  2.18e+06  1.22e+06  2.61e+06 
     75.5  2.17e+06  1.22e+06  2.61e+06 
     75.5  2.17e+06  1.22e+06  2.61e+06 
     75.5  2.17e+06  1.21e+06  2.62e+06 
     75.6  2.17e+06  1.21e+06  2.62e+06 
     75.6  2.16e+06  1.21e+06  2.62e+06 
     75.6  2.16e+06  1.21e+06  2.63e+06 
     75.6  2.16e+06  1.21e+06  2.63e+06 
     75.6  2.15e+06  1.21e+06  2.63e+06 
     75.7  2.15e+06  1.21e+06  2.64e+06 
     75.7  2.15e+06  1.21e+06  2.64e+06 
     75.7  2.15e+06  1.21e+06  2.64e+06 
     75.7  2.14e+06  1.21e+06  2.65e+06 
     75.7  2.14e+06  1.21e+06  2.65e+06 
     75.8  2.14e+06  1.21e+06  2.66e+06 
     75.8  2.13e+06  1.21e+06  2.66e+06 
     75.8  2.13e+06  1.21e+06  2.66e+06 
     75.8  2.13e+06  1.21e+06  2.67e+06 
     75.8  2.12e+06  1.21e+06  2.67e+06 
     75.9  2.12e+06  1.21e+06  2.67e+06 
     75.9  2.12e+06   1.2e+06  2.68e+06 
     75.9  2.12e+06   1.2e+06  2.68e+06 
     75.9  2.11e+06   1.2e+06  2.68e+06 
     75.9  2.11e+06   1.2e+06  2.69e+06 
       76  2.11e+06   1.2e+06  2.69e+06 
       76   2.1e+06   1.2e+06  2.69e+06 
       76   2.1e+06   1.2e+06   2.7e+06 
       76   2.1e+06   1.2e+06   2.7e+06 
     76.1   2.1e+06   1.2e+06   2.7e+06 
     76.1  2.09e+06   1.2e+06  2.71e+06 
     76.1  2.09e+06   1.2e+06  2.71e+06 
     76.1  2.09e+06   1.2e+06  2.72e+06 
     76.1  2.08e+06   1.2e+06  2.72e+06 
     76.2  2.08e+06   1.2e+06  2.72e+06 
     76.2  2.08e+06   1.2e+06  2.73e+06 
     76.2  2.08e+06  1.19e+06  2.73e+06 
     76.2  2.07e+06  1.19e+06  2.73e+06 
     76.2  2.07e+06  1.19e+06  2.74e+06 
     76.3  2.07e+06  1.19e+06  2.74e+06 
     76.3  2.06e+06  1.19e+06  2.74e+06 
     76.3  2.06e+06  1.19e+06  2.75e+06 
     76.3  2.06e+06  1.19e+06  2.75e+06 
     76.3  2.06e+06  1.19e+06  2.75e+06 
     76.4  2.05e+06  1.19e+06  2.76e+06 
     76.4  2.05e+06  1.19e+06  2.76e+06 
     76.4  2.05e+06  1.19e+06  2.77e+06 
     76.4  2.04e+06  1.19e+06  2.77e+06 
     76.4  2.04e+06  1.19e+06  2.77e+06 
     76.5  2.04e+06  1.19e+06  2.78e+06 
     76.5  2.04e+06  1.18e+06  2.78e+06 
     76.5  2.03e+06  1.18e+06  2.78e+06 
     76.5  2.03e+06  1.18e+06  2.79e+06 
     76.6  2.03e+06  1.18e+06  2.79e+06 
     76.6  2.02e+06  1.18e+06  2.79e+06 
     76.6  2.02e+06  1.18e+06   2.8e+06 
     76.6  2.02e+06  1.18e+06   2.8e+06 
     76.6  2.02e+06  1.18e+06   2.8e+06 
     76.7  2.01e+06  1.18e+06  2.81e+06 
     76.7  2.01e+06  1.18e+06  2.81e+06 
     76.7  2.01e+06  1.18e+06  2.82e+06 
     76.7     2e+06  1.18e+06  2.82e+06 
     76.7     2e+06  1.18e+06  2.82e+06 
     76.8     2e+06  1.17e+06  2.83e+06 
     76.8     2e+06  1.17e+06  2.83e+06 
     76.8  1.99e+06  1.17e+06  2.83e+06 
     76.8  1.99e+06  1.17e+06  2.84e+06 
     76.9  1.99e+06  1.17e+06  2.84e+06 
     76.9  1.99e+06  1.17e+06  2.84e+06 
     76.9  1.98e+06  1.17e+06  2.85e+06 
     76.9  1.98e+06  1.17e+06  2.85e+06 
     76.9  1.98e+06  1.17e+06  2.85e+06 
       77  1.97e+06  1.17e+06  2.86e+06 
       77  1.97e+06  1.17e+06  2.86e+06 
       77  1.97e+06  1.17e+06  2.87e+06 
       77  1.97e+06  1.16e+06  2.87e+06 
       77  1.96e+06  1.16e+06  2.87e+06 
     77.1  1.96e+06  1.16e+06  2.88e+06 
     77.1  1.96e+06  1.16e+06  2.88e+06 
     77.1  1.96e+06  1.16e+06  2.88e+06 
     77.1  1.95e+06  1.16e+06  2.89e+06 
     77.2  1.95e+06  1.16e+06  2.89e+06 
     77.2  1.95e+06  1.16e+06  2.89e+06 
     77.2  1.94e+06  1.16e+06   2.9e+06 
     77.2  1.94e+06  1.16e+06   2.9e+06 
     77.2  1.94e+06  1.16e+06   2.9e+06 
     77.3  1.94e+06  1.16e+06  2.91e+06 
     77.3  1.93e+06  1.15e+06  2.91e+06 
     77.3  1.93e+06  1.15e+06  2.92e+06 
     77.3  1.93e+06  1.15e+06  2.92e+06 
     77.3  1.93e+06  1.15e+06  2.92e+06 
     77.4  1.92e+06  1.15e+06  2.93e+06 
     77.4  1.92e+06  1.15e+06  2.93e+06 
     77.4  1.92e+06  1.15e+06  2.93e+06 
     77.4  1.91e+06  1.15e+06  2.94e+06 
     77.5  1.91e+06  1.15e+06  2.94e+06 
     77.5  1.91e+06  1.15e+06  2.94e+06 
     77.5  1.91e+06  1.15e+06  2.95e+06 
     77.5   1.9e+06  1.14e+06  2.95e+06 
     77.5   1.9e+06  1.14e+06  2.96e+06 
     77.6   1.9e+06  1.14e+06  2.96e+06 
     77.6   1.9e+06  1.14e+06  2.96e+06 
     77.6  1.89e+06  1.14e+06  2.97e+06 
     77.6  1.89e+06  1.14e+06  2.97e+06 
     77.7  1.89e+06  1.14e+06  2.97e+06 
     77.7  1.89e+06  1.14e+06  2.98e+06 
     77.7  1.88e+06  1.14e+06  2.98e+06 
     77.7  1.88e+06  1.14e+06  2.98e+06 
     77.7  1.88e+06  1.13e+06  2.99e+06 
     77.8  1.87e+06  1.13e+06  2.99e+06 
     77.8  1.87e+06  1.13e+06  2.99e+06 
     77.8  1.87e+06  1.13e+06     3e+06 
     77.8  1.87e+06  1.13e+06     3e+06 
     77.9  1.86e+06  1.13e+06  3.01e+06 
     77.9  1.86e+06  1.13e+06  3.01e+06 
     77.9  1.86e+06  1.13e+06  3.01e+06 
     77.9  1.86e+06  1.13e+06  3.02e+06 
     77.9  1.85e+06  1.13e+06  3.02e+06 
       78  1.85e+06  1.12e+06  3.02e+06 
       78  1.85e+06  1.12e+06  3.03e+06 
       78  1.85e+06  1.12e+06  3.03e+06 
       78  1.84e+06  1.12e+06  3.03e+06 
     78.1  1.84e+06  1.12e+06  3.04e+06 
     78.1  1.84e+06  1.12e+06  3.04e+06 
     78.1  1.84e+06  1.12e+06  3.05e+06 
     78.1  1.83e+06  1.12e+06  3.05e+06 
     78.2  1.83e+06  1.12e+06  3.05e+06 
     78.2  1.83e+06  1.12e+06  3.06e+06 
     78.2  1.83e+06  1.11e+06  3.06e+06 
     78.2  1.82e+06  1.11e+06  3.06e+06 
     78.2  1.82e+06  1.11e+06  3.07e+06 
     78.3  1.82e+06  1.11e+06  3.07e+06 
     78.3  1.81e+06  1.11e+06  3.07e+06 
     78.3  1.81e+06  1.11e+06  3.08e+06 
     78.3  1.81e+06  1.11e+06  3.08e+06 
     78.4  1.81e+06  1.11e+06  3.09e+06 
     78.4   1.8e+06  1.11e+06  3.09e+06 
     78.4   1.8e+06  1.11e+06  3.09e+06 
     78.4   1.8e+06   1.1e+06   3.1e+06 
     78.4   1.8e+06   1.1e+06   3.1e+06 
     78.5  1.79e+06   1.1e+06   3.1e+06 
     78.5  1.79e+06   1.1e+06  3.11e+06 
     78.5  1.79e+06   1.1e+06  3.11e+06 
     78.5  1.79e+06   1.1e+06  3.11e+06 
     78.6  1.78e+06   1.1e+06  3.12e+06 
     78.6  1.78e+06   1.1e+06  3.12e+06 
     78.6  1.78e+06   1.1e+06  3.13e+06 
     78.6  1.78e+06  1.09e+06  3.13e+06 
     78.7  1.77e+06  1.09e+06  3.13e+06 
     78.7  1.77e+06  1.09e+06  3.14e+06 
     78.7  1.77e+06  1.09e+06  3.14e+06 
     78.7  1.77e+06  1.09e+06  3.14e+06 
     78.8  1.76e+06  1.09e+06  3.15e+06 
     78.8  1.76e+06  1.09e+06  3.15e+06 
     78.8  1.76e+06  1.09e+06  3.15e+06 
     78.8  1.76e+06  1.08e+06  3.16e+06 
     78.8  1.75e+06  1.08e+06  3.16e+06 
     78.9  1.75e+06  1.08e+06  3.17e+06 
     78.9  1.75e+06  1.08e+06  3.17e+06 
     78.9  1.75e+06  1.08e+06  3.17e+06 
     78.9  1.74e+06  1.08e+06  3.18e+06 
       79  1.74e+06  1.08e+06  3.18e+06 
       79  1.74e+06  1.08e+06  3.18e+06 
       79  1.74e+06  1.08e+06  3.19e+06 
       79  1.73e+06  1.07e+06  3.19e+06 
     79.1  1.73e+06  1.07e+06  3.19e+06 
     79.1  1.73e+06  1.07e+06   3.2e+06 
     79.1  1.73e+06  1.07e+06   3.2e+06 
     79.1  1.72e+06  1.07e+06  3.21e+06 
     79.2  1.72e+06  1.07e+06  3.21e+06 
     79.2  1.72e+06  1.07e+06  3.21e+06 
     79.2  1.72e+06  1.07e+06  3.22e+06 
     79.2  1.71e+06  1.06e+06  3.22e+06 
     79.3  1.71e+06  1.06e+06  3.22e+06 
     79.3  1.71e+06  1.06e+06  3.23e+06 
     79.3  1.71e+06  1.06e+06  3.23e+06 
     79.3  1.71e+06  1.06e+06  3.24e+06 
     79.3   1.7e+06  1.06e+06  3.24e+06 
     79.4   1.7e+06  1.06e+06  3.24e+06 
     79.4   1.7e+06  1.06e+06  3.25e+06 
     79.4   1.7e+06  1.05e+06  3.25e+06 
     79.4  1.69e+06  1.05e+06  3.25e+06 
     79.5  1.69e+06  1.05e+06  3.26e+06 
     79.5  1.69e+06  1.05e+06  3.26e+06 
     79.5  1.69e+06  1.05e+06  3.26e+06 
     79.5  1.68e+06  1.05e+06  3.27e+06 
     79.6  1.68e+06  1.05e+06  3.27e+06 
     79.6  1.68e+06  1.05e+06  3.28e+06 
     79.6  1.68e+06  1.04e+06  3.28e+06 
     79.6  1.67e+06  1.04e+06  3.28e+06 
     79.7  1.67e+06  1.04e+06  3.29e+06 
     79.7  1.67e+06  1.04e+06  3.29e+06 
     79.7  1.67e+06  1.04e+06  3.29e+06 
     79.7  1.66e+06  1.04e+06   3.3e+06 
     79.8  1.66e+06  1.04e+06   3.3e+06 
     79.8  1.66e+06  1.04e+06   3.3e+06 
     79.8  1.66e+06  1.03e+06  3.31e+06 
     79.8  1.66e+06  1.03e+06  3.31e+06 
     79.9  1.65e+06  1.03e+06  3.32e+06 
     79.9  1.65e+06  1.03e+06  3.32e+06 
     79.9  1.65e+06  1.03e+06  3.32e+06 
     79.9  1.65e+06  1.03e+06  3.33e+06 
       80  1.64e+06  1.03e+06  3.33e+06 
       80  1.64e+06  1.03e+06  3.33e+06 
       80  1.64e+06  1.02e+06  3.34e+06 
       80  1.64e+06  1.02e+06  3.34e+06 
     80.1  1.63e+06  1.02e+06  3.34e+06 
     80.1  1.63e+06  1.02e+06  3.35e+06 
     80.1  1.63e+06  1.02e+06  3.35e+06 
     80.1  1.63e+06  1.02e+06  3.36e+06 
     80.2  1.62e+06  1.02e+06  3.36e+06 
     80.2  1.62e+06  1.01e+06  3.36e+06 
     80.2  1.62e+06  1.01e+06  3.37e+06 
     80.2  1.62e+06  1.01e+06  3.37e+06 
     80.3  1.62e+06  1.01e+06  3.37e+06 
     80.3  1.61e+06  1.01e+06  3.38e+06 
     80.3  1.61e+06  1.01e+06  3.38e+06 
     80.3  1.61e+06  1.01e+06  3.38e+06 
     80.4  1.61e+06  1.01e+06  3.39e+06 
     80.4   1.6e+06     1e+06  3.39e+06 
     80.4   1.6e+06     1e+06   3.4e+06 
     80.4   1.6e+06     1e+06   3.4e+06 
     80.5   1.6e+06     1e+06   3.4e+06 
     80.5   1.6e+06  9.98e+05  3.41e+06 
     80.5  1.59e+06  9.97e+05  3.41e+06 
     80.5  1.59e+06  9.95e+05  3.41e+06 
     80.6  1.59e+06  9.94e+05  3.42e+06 
     80.6  1.59e+06  9.93e+05  3.42e+06 
     80.6  1.58e+06  9.91e+05  3.43e+06 
     80.6  1.58e+06   9.9e+05  3.43e+06 
     80.7  1.58e+06  9.88e+05  3.43e+06 
     80.7  1.58e+06  9.87e+05  3.44e+06 
     80.7  1.57e+06  9.86e+05  3.44e+06 
     80.7  1.57e+06  9.84e+05  3.44e+06 
     80.8  1.57e+06  9.83e+05  3.45e+06 
     80.8  1.57e+06  9.81e+05  3.45e+06 
     80.8  1.57e+06   9.8e+05  3.45e+06 
     80.9  1.56e+06  9.78e+05  3.46e+06 
     80.9  1.56e+06  9.77e+05  3.46e+06 
     80.9  1.56e+06  9.76e+05  3.47e+06 
     80.9  1.56e+06  9.74e+05  3.47e+06 
       81  1.55e+06  9.73e+05  3.47e+06 
       81  1.55e+06  9.71e+05  3.48e+06 
       81  1.55e+06   9.7e+05  3.48e+06 
       81  1.55e+06  9.68e+05  3.48e+06 
     81.1  1.55e+06  9.67e+05  3.49e+06 
     81.1  1.54e+06  9.66e+05  3.49e+06 
     81.1  1.54e+06  9.64e+05  3.49e+06 
     81.1  1.54e+06  9.63e+05   3.5e+06 
     81.2  1.54e+06  9.61e+05   3.5e+06 
     81.2  1.54e+06   9.6e+05  3.51e+06 
     81.2  1.53e+06  9.58e+05  3.51e+06 
     81.2  1.53e+06  9.57e+05  3.51e+06 
     81.3  1.53e+06  9.55e+05  3.52e+06 
     81.3  1.53e+06  9.54e+05  3.52e+06 
     81.3  1.52e+06  9.52e+05  3.52e+06 
     81.4  1.52e+06  9.51e+05  3.53e+06 
     81.4  1.52e+06  9.49e+05  3.53e+06 
     81.4  1.52e+06  9.48e+05  3.53e+06 
     81.4  1.52e+06  9.46e+05  3.54e+06 
     81.5  1.51e+06  9.45e+05  3.54e+06 
     81.5  1.51e+06  9.43e+05  3.55e+06 
     81.5  1.51e+06  9.42e+05  3.55e+06 
     81.5  1.51e+06   9.4e+05  3.55e+06 
     81.6  1.51e+06  9.39e+05  3.56e+06 
     81.6   1.5e+06  9.37e+05  3.56e+06 
     81.6   1.5e+06  9.36e+05  3.56e+06 
     81.6   1.5e+06  9.34e+05  3.57e+06 
     81.7   1.5e+06  9.33e+05  3.57e+06 
     81.7  1.49e+06  9.31e+05  3.57e+06 
     81.7  1.49e+06   9.3e+05  3.58e+06 
     81.8  1.49e+06  9.28e+05  3.58e+06 
     81.8  1.49e+06  9.27e+05  3.58e+06 
     81.8  1.49e+06  9.25e+05  3.59e+06 
     81.8  1.48e+06  9.24e+05  3.59e+06 
     81.9  1.48e+06  9.22e+05   3.6e+06 
     81.9  1.48e+06  9.21e+05   3.6e+06 
     81.9  1.48e+06  9.19e+05   3.6e+06 
       82  1.48e+06  9.18e+05  3.61e+06 
       82  1.47e+06  9.16e+05  3.61e+06 
       82  1.47e+06  9.15e+05  3.61e+06 
       82  1.47e+06  9.13e+05  3.62e+06 
     82.1  1.47e+06  9.11e+05  3.62e+06 
     82.1  1.47e+06   9.1e+05  3.62e+06 
     82.1  1.46e+06  9.08e+05  3.63e+06 
     82.1  1.46e+06  9.07e+05  3.63e+06 
     82.2  1.46e+06  9.05e+05  3.64e+06 
     82.2  1.46e+06  9.04e+05  3.64e+06 
     82.2  1.46e+06  9.02e+05  3.64e+06 
     82.3  1.45e+06  9.01e+05  3.65e+06 
     82.3  1.45e+06  8.99e+05  3.65e+06 
     82.3  1.45e+06  8.97e+05  3.65e+06 
     82.3  1.45e+06  8.96e+05  3.66e+06 
     82.4  1.45e+06  8.94e+05  3.66e+06 
     82.4  1.44e+06  8.93e+05  3.66e+06 
     82.4  1.44e+06  8.91e+05  3.67e+06 
     82.5  1.44e+06   8.9e+05  3.67e+06 
     82.5  1.44e+06  8.88e+05  3.67e+06 
     82.5  1.44e+06  8.86e+05  3.68e+06 
     82.5  1.43e+06  8.85e+05  3.68e+06 
     82.6  1.43e+06  8.83e+05  3.69e+06 
     82.6  1.43e+06  8.82e+05  3.69e+06 
     82.6  1.43e+06   8.8e+05  3.69e+06 
     82.6  1.43e+06  8.79e+05   3.7e+06 
     82.7  1.42e+06  8.77e+05   3.7e+06 
     82.7  1.42e+06  8.75e+05   3.7e+06 
     82.7  1.42e+06  8.74e+05  3.71e+06 
     82.8  1.42e+06  8.72e+05  3.71e+06 
     82.8  1.42e+06  8.71e+05  3.71e+06 
     82.8  1.41e+06  8.69e+05  3.72e+06 
     82.8  1.41e+06  8.67e+05  3.72e+06 
     82.9  1.41e+06  8.66e+05  3.72e+06 
     82.9  1.41e+06  8.64e+05  3.73e+06 
     82.9  1.41e+06  8.63e+05  3.73e+06 
       83   1.4e+06  8.61e+05  3.74e+06 
       83   1.4e+06  8.59e+05  3.74e+06 
       83   1.4e+06  8.58e+05  3.74e+06 
     83.1   1.4e+06  8.56e+05  3.75e+06 
     83.1   1.4e+06  8.54e+05  3.75e+06 
     83.1  1.39e+06  8.53e+05  3.75e+06 
     83.1  1.39e+06  8.51e+05  3.76e+06 
     83.2  1.39e+06   8.5e+05  3.76e+06 
     83.2  1.39e+06  8.48e+05  3.76e+06 
     83.2  1.39e+06  8.46e+05  3.77e+06 
     83.3  1.38e+06  8.45e+05  3.77e+06 
     83.3  1.38e+06  8.43e+05  3.77e+06 
     83.3  1.38e+06  8.41e+05  3.78e+06 
     83.3  1.38e+06   8.4e+05  3.78e+06 
     83.4  1.38e+06  8.38e+05  3.78e+06 
     83.4  1.38e+06  8.37e+05  3.79e+06 
     83.4  1.37e+06  8.35e+05  3.79e+06 
     83.5  1.37e+06  8.33e+05   3.8e+06 
     83.5  1.37e+06  8.32e+05   3.8e+06 
     83.5  1.37e+06   8.3e+05   3.8e+06 
     83.5  1.37e+06  8.28e+05  3.81e+06 
     83.6  1.36e+06  8.27e+05  3.81e+06 
     83.6  1.36e+06  8.25e+05  3.81e+06 
     83.6  1.36e+06  8.23e+05  3.82e+06 
     83.7  1.36e+06  8.22e+05  3.82e+06 
     83.7  1.36e+06   8.2e+05  3.82e+06 
     83.7  1.35e+06  8.18e+05  3.83e+06 
     83.8  1.35e+06  8.17e+05  3.83e+06 
     83.8  1.35e+06  8.15e+05  3.83e+06 
     83.8  1.35e+06  8.13e+05  3.84e+06 
     83.8  1.35e+06  8.12e+05  3.84e+06 
     83.9  1.35e+06   8.1e+05  3.84e+06 
     83.9  1.34e+06  8.08e+05  3.85e+06 
     83.9  1.34e+06  8.07e+05  3.85e+06 
       84  1.34e+06  8.05e+05  3.85e+06 
       84  1.34e+06  8.03e+05  3.86e+06 
       84  1.34e+06  8.02e+05  3.86e+06 
     84.1  1.33e+06     8e+05  3.87e+06 
     84.1  1.33e+06  7.98e+05  3.87e+06 
     84.1  1.33e+06  7.97e+05  3.87e+06 
     84.2  1.33e+06  7.95e+05  3.88e+06 
     84.2  1.33e+06  7.93e+05  3.88e+06 
     84.2  1.33e+06  7.92e+05  3.88e+06 
     84.2  1.32e+06   7.9e+05  3.89e+06 
     84.3  1.32e+06  7.88e+05  3.89e+06 
     84.3  1.32e+06  7.87e+05  3.89e+06 
     84.3  1.32e+06  7.85e+05   3.9e+06 
     84.4  1.32e+06  7.83e+05   3.9e+06 
     84.4  1.31e+06  7.82e+05   3.9e+06 
     84.4  1.31e+06   7.8e+05  3.91e+06 
     84.5  1.31e+06  7.78e+05  3.91e+06 
     84.5  1.31e+06  7.77e+05  3.91e+06 
     84.5  1.31e+06  7.75e+05  3.92e+06 
     84.6  1.31e+06  7.73e+05  3.92e+06 
     84.6   1.3e+06  7.72e+05  3.92e+06 
     84.6   1.3e+06   7.7e+05  3.93e+06 
     84.6   1.3e+06  7.68e+05  3.93e+06 
     84.7   1.3e+06  7.66e+05  3.93e+06 
     84.7   1.3e+06  7.65e+05  3.94e+06 
     84.7   1.3e+06  7.63e+05  3.94e+06 
     84.8  1.29e+06  7.61e+05  3.94e+06 
     84.8  1.29e+06   7.6e+05  3.95e+06 
     84.8  1.29e+06  7.58e+05  3.95e+06 
     84.9  1.29e+06  7.56e+05  3.95e+06 
     84.9  1.29e+06  7.55e+05  3.96e+06 
     84.9  1.29e+06  7.53e+05  3.96e+06 
       85  1.28e+06  7.51e+05  3.97e+06 
       85  1.28e+06  7.49e+05  3.97e+06 
       85  1.28e+06  7.48e+05  3.97e+06 
     85.1  1.28e+06  7.46e+05  3.98e+06 
     85.1  1.28e+06  7.44e+05  3.98e+06 
     85.1  1.28e+06  7.43e+05  3.98e+06 
     85.2  1.27e+06  7.41e+05  3.99e+06 
     85.2  1.27e+06  7.39e+05  3.99e+06 
     85.2  1.27e+06  7.38e+05  3.99e+06 
     85.2  1.27e+06  7.36e+05     4e+06 
     85.3  1.27e+06  7.34e+05     4e+06 
     85.3  1.27e+06  7.32e+05     4e+06 
     85.3  1.26e+06  7.31e+05  4.01e+06 
     85.4  1.26e+06  7.29e+05  4.01e+06 
     85.4  1.26e+06  7.27e+05  4.01e+06 
     85.4  1.26e+06  7.26e+05  4.02e+06 
     85.5  1.26e+06  7.24e+05  4.02e+06 
     85.5  1.26e+06  7.22e+05  4.02e+06 
     85.5  1.25e+06   7.2e+05  4.03e+06 
     85.6  1.25e+06  7.19e+05  4.03e+06 
     85.6  1.25e+06  7.17e+05  4.03e+06 
     85.6  1.25e+06  7.15e+05  4.04e+06 
     85.7  1.25e+06  7.14e+05  4.04e+06 
     85.7  1.25e+06  7.12e+05  4.04e+06 
     85.7  1.24e+06   7.1e+05  4.05e+06 
     85.8  1.24e+06  7.08e+05  4.05e+06 
     85.8  1.24e+06  7.07e+05  4.05e+06 
     85.8  1.24e+06  7.05e+05  4.06e+06 
     85.9  1.24e+06  7.03e+05  4.06e+06 
     85.9  1.24e+06  7.01e+05  4.06e+06 
     85.9  1.23e+06     7e+05  4.07e+06 
       86  1.23e+06  6.98e+05  4.07e+06 
       86  1.23e+06  6.96e+05  4.07e+06 
       86  1.23e+06  6.95e+05  4.08e+06 
     86.1  1.23e+06  6.93e+05  4.08e+06 
     86.1  1.23e+06  6.91e+05  4.08e+06 
     86.1  1.22e+06  6.89e+05  4.09e+06 
     86.2  1.22e+06  6.88e+05  4.09e+06 
     86.2  1.22e+06  6.86e+05  4.09e+06 
     86.2  1.22e+06  6.84e+05   4.1e+06 
     86.3  1.22e+06  6.82e+05   4.1e+06 
     86.3  1.22e+06  6.81e+05   4.1e+06 
     86.3  1.22e+06  6.79e+05  4.11e+06 
     86.4  1.21e+06  6.77e+05  4.11e+06 
     86.4  1.21e+06  6.76e+05  4.11e+06 
     86.4  1.21e+06  6.74e+05  4.12e+06 
     86.5  1.21e+06  6.72e+05  4.12e+06 
     86.5  1.21e+06   6.7e+05  4.12e+06 
     86.5  1.21e+06  6.69e+05  4.13e+06 
     86.6   1.2e+06  6.67e+05  4.13e+06 
     86.6   1.2e+06  6.65e+05  4.13e+06 
     86.6   1.2e+06  6.63e+05  4.13e+06 
     86.7   1.2e+06  6.62e+05  4.14e+06 
     86.7   1.2e+06   6.6e+05  4.14e+06 
     86.7   1.2e+06  6.58e+05  4.14e+06 
     86.8   1.2e+06  6.57e+05  4.15e+06 
     86.8  1.19e+06  6.55e+05  4.15e+06 
     86.8  1.19e+06  6.53e+05  4.15e+06 
     86.9  1.19e+06  6.51e+05  4.16e+06 
     86.9  1.19e+06   6.5e+05  4.16e+06 
       87  1.19e+06  6.48e+05  4.16e+06 
       87  1.19e+06  6.46e+05  4.17e+06 
       87  1.19e+06  6.44e+05  4.17e+06 
     87.1  1.18e+06  6.43e+05  4.17e+06 
     87.1  1.18e+06  6.41e+05  4.18e+06 
     87.1  1.18e+06  6.39e+05  4.18e+06 
     87.2  1.18e+06  6.37e+05  4.18e+06 
     87.2  1.18e+06  6.36e+05  4.19e+06 
     87.2  1.18e+06  6.34e+05  4.19e+06 
     87.3  1.17e+06  6.32e+05  4.19e+06 
     87.3  1.17e+06  6.31e+05   4.2e+06 
     87.3  1.17e+06  6.29e+05   4.2e+06 
     87.4  1.17e+06  6.27e+05   4.2e+06 
     87.4  1.17e+06  6.25e+05  4.21e+06 
     87.4  1.17e+06  6.24e+05  4.21e+06 
     87.5  1.17e+06  6.22e+05  4.21e+06 
     87.5  1.16e+06   6.2e+05  4.22e+06 
     87.6  1.16e+06  6.18e+05  4.22e+06 
     87.6  1.16e+06  6.17e+05  4.22e+06 
     87.6  1.16e+06  6.15e+05  4.22e+06 
     87.7  1.16e+06  6.13e+05  4.23e+06 
     87.7  1.16e+06  6.11e+05  4.23e+06 
     87.7  1.16e+06   6.1e+05  4.23e+06 
     87.8  1.15e+06  6.08e+05  4.24e+06 
     87.8  1.15e+06  6.06e+05  4.24e+06 
     87.8  1.15e+06  6.05e+05  4.24e+06 
     87.9  1.15e+06  6.03e+05  4.25e+06 
     87.9  1.15e+06  6.01e+05  4.25e+06 
       88  1.15e+06  5.99e+05  4.25e+06 
       88  1.15e+06  5.98e+05  4.26e+06 
       88  1.15e+06  5.96e+05  4.26e+06 
     88.1  1.14e+06  5.94e+05  4.26e+06 
     88.1  1.14e+06  5.92e+05  4.27e+06 
     88.1  1.14e+06  5.91e+05  4.27e+06 
     88.2  1.14e+06  5.89e+05  4.27e+06 
     88.2  1.14e+06  5.87e+05  4.27e+06 
     88.2  1.14e+06  5.85e+05  4.28e+06 
     88.3  1.14e+06  5.84e+05  4.28e+06 
     88.3  1.13e+06  5.82e+05  4.28e+06 
     88.4  1.13e+06   5.8e+05  4.29e+06 
     88.4  1.13e+06  5.79e+05  4.29e+06 
     88.4  1.13e+06  5.77e+05  4.29e+06 
     88.5  1.13e+06  5.75e+05   4.3e+06 
     88.5  1.13e+06  5.73e+05   4.3e+06 
     88.5  1.13e+06  5.72e+05   4.3e+06 
     88.6  1.12e+06   5.7e+05  4.31e+06 
     88.6  1.12e+06  5.68e+05  4.31e+06 
     88.7  1.12e+06  5.66e+05  4.31e+06 
     88.7  1.12e+06  5.65e+05  4.31e+06 
     88.7  1.12e+06  5.63e+05  4.32e+06 
     88.8  1.12e+06  5.61e+05  4.32e+06 
     88.8  1.12e+06   5.6e+05  4.32e+06 
     88.8  1.12e+06  5.58e+05  4.33e+06 
     88.9  1.11e+06  5.56e+05  4.33e+06 
     88.9  1.11e+06  5.54e+05  4.33e+06 
       89  1.11e+06  5.53e+05  4.34e+06 
       89  1.11e+06  5.51e+05  4.34e+06 
       89  1.11e+06  5.49e+05  4.34e+06 
     89.1  1.11e+06  5.47e+05  4.35e+06 
     89.1  1.11e+06  5.46e+05  4.35e+06 
     89.2   1.1e+06  5.44e+05  4.35e+06 
     89.2   1.1e+06  5.42e+05  4.35e+06 
     89.2   1.1e+06  5.41e+05  4.36e+06 
     89.3   1.1e+06  5.39e+05  4.36e+06 
     89.3   1.1e+06  5.37e+05  4.36e+06 
     89.3   1.1e+06  5.35e+05  4.37e+06 
     89.4   1.1e+06  5.34e+05  4.37e+06 
     89.4   1.1e+06  5.32e+05  4.37e+06 
     89.5  1.09e+06   5.3e+05  4.38e+06 
     89.5  1.09e+06  5.29e+05  4.38e+06 
     89.5  1.09e+06  5.27e+05  4.38e+06 
     89.6  1.09e+06  5.25e+05  4.38e+06 
     89.6  1.09e+06  5.23e+05  4.39e+06 
     89.7  1.09e+06  5.22e+05  4.39e+06 
     89.7  1.09e+06   5.2e+05  4.39e+06 
     89.7  1.09e+06  5.18e+05   4.4e+06 
     89.8  1.08e+06  5.17e+05   4.4e+06 
     89.8  1.08e+06  5.15e+05   4.4e+06 
     89.9  1.08e+06  5.13e+05   4.4e+06 
     89.9  1.08e+06  5.11e+05  4.41e+06 
     89.9  1.08e+06   5.1e+05  4.41e+06 
       90  1.08e+06  5.08e+05  4.41e+06 
       90  1.08e+06  5.06e+05  4.42e+06 
     90.1  1.08e+06  5.05e+05  4.42e+06 
     90.1  1.07e+06  5.03e+05  4.42e+06 
     90.1  1.07e+06  5.01e+05  4.43e+06 
     90.2  1.07e+06     5e+05  4.43e+06 
     90.2  1.07e+06  4.98e+05  4.43e+06 
     90.3  1.07e+06  4.96e+05  4.43e+06 
     90.3  1.07e+06  4.94e+05  4.44e+06 
     90.4  1.07e+06  4.93e+05  4.44e+06 
     90.4  1.07e+06  4.91e+05  4.44e+06 
     90.4  1.06e+06  4.89e+05  4.45e+06 
     90.5  1.06e+06  4.88e+05  4.45e+06 
     90.5  1.06e+06  4.86e+05  4.45e+06 
     90.6  1.06e+06  4.84e+05  4.45e+06 
     90.6  1.06e+06  4.83e+05  4.46e+06 
     90.6  1.06e+06  4.81e+05  4.46e+06 
     90.7  1.06e+06  4.79e+05  4.46e+06 
     90.7  1.06e+06  4.77e+05  4.47e+06 
     90.8  1.06e+06  4.76e+05  4.47e+06 
     90.8  1.05e+06  4.74e+05  4.47e+06 
     90.9  1.05e+06  4.72e+05  4.47e+06 
     90.9  1.05e+06  4.71e+05  4.48e+06 
     90.9  1.05e+06  4.69e+05  4.48e+06 
       91  1.05e+06  4.67e+05  4.48e+06 
       91  1.05e+06  4.66e+05  4.49e+06 
     91.1  1.05e+06  4.64e+05  4.49e+06 
     91.1  1.05e+06  4.62e+05  4.49e+06 
     91.2  1.04e+06  4.61e+05  4.49e+06 
     91.2  1.04e+06  4.59e+05   4.5e+06 
     91.2  1.04e+06  4.57e+05   4.5e+06 
     91.3  1.04e+06  4.56e+05   4.5e+06 
     91.3  1.04e+06  4.54e+05  4.51e+06 
     91.4  1.04e+06  4.52e+05  4.51e+06 
     91.4  1.04e+06  4.51e+05  4.51e+06 
     91.5  1.04e+06  4.49e+05  4.51e+06 
     91.5  1.04e+06  4.47e+05  4.52e+06 
     91.5  1.03e+06  4.46e+05  4.52e+06 
     91.6  1.03e+06  4.44e+05  4.52e+06 
     91.6  1.03e+06  4.42e+05  4.53e+06 
     91.7  1.03e+06  4.41e+05  4.53e+06 
     91.7  1.03e+06  4.39e+05  4.53e+06 
     91.8  1.03e+06  4.37e+05  4.53e+06 
     91.8  1.03e+06  4.36e+05  4.54e+06 
     91.9  1.03e+06  4.34e+05  4.54e+06 
     91.9  1.03e+06  4.32e+05  4.54e+06 
     91.9  1.02e+06  4.31e+05  4.54e+06 
       92  1.02e+06  4.29e+05  4.55e+06 
       92  1.02e+06  4.27e+05  4.55e+06 
     92.1  1.02e+06  4.26e+05  4.55e+06 
     92.1  1.02e+06  4.24e+05  4.56e+06 
     92.2  1.02e+06  4.22e+05  4.56e+06 
     92.2  1.02e+06  4.21e+05  4.56e+06 
     92.3  1.02e+06  4.19e+05  4.56e+06 
     92.3  1.02e+06  4.17e+05  4.57e+06 
     92.4  1.01e+06  4.16e+05  4.57e+06 
     92.4  1.01e+06  4.14e+05  4.57e+06 
     92.4  1.01e+06  4.12e+05  4.57e+06 
     92.5  1.01e+06  4.11e+05  4.58e+06 
     92.5  1.01e+06  4.09e+05  4.58e+06 
     92.6  1.01e+06  4.07e+05  4.58e+06 
     92.6  1.01e+06  4.06e+05  4.59e+06 
     92.7  1.01e+06  4.04e+05  4.59e+06 
     92.7  1.01e+06  4.03e+05  4.59e+06 
     92.8  1.01e+06  4.01e+05  4.59e+06 
     92.8     1e+06  3.99e+05   4.6e+06 
     92.9     1e+06  3.98e+05   4.6e+06 
     92.9     1e+06  3.96e+05   4.6e+06 
       93     1e+06  3.94e+05   4.6e+06 
       93     1e+06  3.93e+05  4.61e+06 
     93.1  9.99e+05  3.91e+05  4.61e+06 
     93.1  9.98e+05  3.89e+05  4.61e+06 
     93.2  9.97e+05  3.88e+05  4.62e+06 
     93.2  9.96e+05  3.86e+05  4.62e+06 
     93.2  9.95e+05  3.85e+05  4.62e+06 
     93.3  9.94e+05  3.83e+05  4.62e+06 
     93.3  9.93e+05  3.81e+05  4.63e+06 
     93.4  9.92e+05   3.8e+05  4.63e+06 
     93.4  9.91e+05  3.78e+05  4.63e+06 
     93.5   9.9e+05  3.77e+05  4.63e+06 
     93.5  9.89e+05  3.75e+05  4.64e+06 
     93.6  9.88e+05  3.73e+05  4.64e+06 
     93.6  9.87e+05  3.72e+05  4.64e+06 
     93.7  9.86e+05   3.7e+05  4.64e+06 
     93.7  9.85e+05  3.68e+05  4.65e+06 
     93.8  9.84e+05  3.67e+05  4.65e+06 
     93.8  9.83e+05  3.65e+05  4.65e+06 
     93.9  9.82e+05  3.64e+05  4.65e+06 
     93.9  9.81e+05  3.62e+05  4.66e+06 
       94   9.8e+05   3.6e+05  4.66e+06 
       94  9.79e+05  3.59e+05  4.66e+06 
     94.1  9.78e+05  3.57e+05  4.66e+06 
     94.1  9.77e+05  3.56e+05  4.67e+06 
     94.2  9.76e+05  3.54e+05  4.67e+06 
     94.2  9.75e+05  3.52e+05  4.67e+06 
     94.3  9.74e+05  3.51e+05  4.68e+06 
     94.3  9.73e+05  3.49e+05  4.68e+06 
     94.4  9.72e+05  3.48e+05  4.68e+06 
     94.4  9.71e+05  3.46e+05  4.68e+06 
     94.5   9.7e+05  3.45e+05  4.69e+06 
     94.5  9.69e+05  3.43e+05  4.69e+06 
     94.6  9.68e+05  3.41e+05  4.69e+06 
     94.6  9.67e+05   3.4e+05  4.69e+06 
     94.7  9.66e+05  3.38e+05   4.7e+06 
     94.8  9.65e+05  3.37e+05   4.7e+06 
     94.8  9.64e+05  3.35e+05   4.7e+06 
     94.9  9.64e+05  3.34e+05   4.7e+06 
     94.9  9.63e+05  3.32e+05  4.71e+06 
       95  9.62e+05   3.3e+05  4.71e+06 
       95  9.61e+05  3.29e+05  4.71e+06 
     95.1   9.6e+05  3.27e+05  4.71e+06 
     95.1  9.59e+05  3.26e+05  4.72e+06 
     95.2  9.58e+05  3.24e+05  4.72e+06 
     95.2  9.57e+05  3.23e+05  4.72e+06 
     95.3  9.56e+05  3.21e+05  4.72e+06 
     95.3  9.55e+05  3.19e+05  4.73e+06 
     95.4  9.54e+05  3.18e+05  4.73e+06 
     95.4  9.53e+05  3.16e+05  4.73e+06 
     95.5  9.52e+05  3.15e+05  4.73e+06 
     95.6  9.51e+05  3.13e+05  4.74e+06 
     95.6  9.51e+05  3.12e+05  4.74e+06 
     95.7   9.5e+05   3.1e+05  4.74e+06 
     95.7  9.49e+05  3.09e+05  4.74e+06 
     95.8  9.48e+05  3.07e+05  4.75e+06 
     95.8  9.47e+05  3.06e+05  4.75e+06 
     95.9  9.46e+05  3.04e+05  4.75e+06 
     95.9  9.45e+05  3.03e+05  4.75e+06 
       96  9.44e+05  3.01e+05  4.75e+06 
     96.1  9.43e+05  2.99e+05  4.76e+06 
     96.1  9.43e+05  2.98e+05  4.76e+06 
     96.2  9.42e+05  2.96e+05  4.76e+06 
     96.2  9.41e+05  2.95e+05  4.76e+06 
     96.3   9.4e+05  2.93e+05  4.77e+06 
     96.3  9.39e+05  2.92e+05  4.77e+06 
     96.4  9.38e+05   2.9e+05  4.77e+06 
     96.5  9.37e+05  2.89e+05  4.77e+06 
     96.5  9.36e+05  2.87e+05  4.78e+06 
     96.6  9.36e+05  2.86e+05  4.78e+06 
     96.6  9.35e+05  2.84e+05  4.78e+06 
     96.7  9.34e+05  2.83e+05  4.78e+06 
     96.7  9.33e+05  2.81e+05  4.79e+06 
     96.8  9.32e+05   2.8e+05  4.79e+06 
     96.9  9.31e+05  2.78e+05  4.79e+06 
     96.9   9.3e+05  2.77e+05  4.79e+06 
       97   9.3e+05  2.75e+05   4.8e+06 
       97  9.29e+05  2.74e+05   4.8e+06 
     97.1  9.28e+05  2.72e+05   4.8e+06 
     97.2  9.27e+05  2.71e+05   4.8e+06 
     97.2  9.26e+05  2.69e+05   4.8e+06 
     97.3  9.25e+05  2.68e+05  4.81e+06 
     97.3  9.25e+05  2.66e+05  4.81e+06 
     97.4  9.24e+05  2.65e+05  4.81e+06 
     97.5  9.23e+05  2.63e+05  4.81e+06 
     97.5  9.22e+05  2.62e+05  4.82e+06 
     97.6  9.21e+05   2.6e+05  4.82e+06 
     97.6   9.2e+05  2.59e+05  4.82e+06 
     97.7   9.2e+05  2.58e+05  4.82e+06 
     97.8  9.19e+05  2.56e+05  4.83e+06 
     97.8  9.18e+05  2.55e+05  4.83e+06 
     97.9  9.17e+05  2.53e+05  4.83e+06 
       98  9.16e+05  2.52e+05  4.83e+06 
       98  9.16e+05   2.5e+05  4.83e+06 
     98.1  9.15e+05  2.49e+05  4.84e+06 
     98.2  9.14e+05  2.47e+05  4.84e+06 
     98.2  9.13e+05  2.46e+05  4.84e+06 
     98.3  9.12e+05  2.44e+05  4.84e+06 
     98.3  9.12e+05  2.43e+05  4.85e+06 
     98.4  9.11e+05  2.42e+05  4.85e+06 
     98.5   9.1e+05   2.4e+05  4.85e+06 
     98.5  9.09e+05  2.39e+05  4.85e+06 
     98.6  9.08e+05  2.37e+05  4.85e+06 
     98.7  9.08e+05  2.36e+05  4.86e+06 
     98.7  9.07e+05  2.34e+05  4.86e+06 
     98.8  9.06e+05  2.33e+05  4.86e+06 
     98.9  9.05e+05  2.31e+05  4.86e+06 
     98.9  9.05e+05   2.3e+05  4.87e+06 
       99  9.04e+05  2.29e+05  4.87e+06 
     99.1  9.03e+05  2.27e+05  4.87e+06 
     99.1  9.02e+05  2.26e+05  4.87e+06 
     99.2  9.01e+05  2.24e+05  4.87e+06 
     99.3  9.01e+05  2.23e+05  4.88e+06 
     99.3     9e+05  2.22e+05  4.88e+06 
     99.4  8.99e+05   2.2e+05  4.88e+06 
     99.5  8.98e+05  2.19e+05  4.88e+06 
     99.5  8.98e+05  2.17e+05  4.88e+06 
     99.6  8.97e+05  2.16e+05  4.89e+06 
     99.7  8.96e+05  2.15e+05  4.89e+06 
     99.8  8.95e+05  2.13e+05  4.89e+06 
     99.8  8.95e+05  2.12e+05  4.89e+06 
     99.9  8.94e+05   2.1e+05   4.9e+06 
      100  8.93e+05  2.09e+05   4.9e+06 
      100  8.92e+05  2.08e+05   4.9e+06 
      100  8.92e+05  2.06e+05   4.9e+06 
      100  8.91e+05  2.05e+05   4.9e+06 
      100   8.9e+05  2.04e+05  4.91e+06 
      100   8.9e+05  2.02e+05  4.91e+06 
      100  8.89e+05  2.01e+05  4.91e+06 
      100  8.88e+05  1.99e+05  4.91e+06 
      101  8.87e+05  1.98e+05  4.91e+06 
      101  8.87e+05  1.97e+05  4.92e+06 
      101  8.86e+05  1.95e+05  4.92e+06 
      101  8.85e+05  1.94e+05  4.92e+06 
      101  8.85e+05  1.93e+05  4.92e+06 
      101  8.84e+05  1.91e+05  4.92e+06 
      101  8.83e+05   1.9e+05  4.93e+06 
      101  8.82e+05  1.89e+05  4.93e+06 
      101  8.82e+05  1.87e+05  4.93e+06 
      101  8.81e+05  1.86e+05  4.93e+06 
      101   8.8e+05  1.85e+05  4.94e+06 
      101   8.8e+05  1.83e+05  4.94e+06 
      101  8.79e+05  1.82e+05  4.94e+06 
      102  8.78e+05  1.81e+05  4.94e+06 
      102  8.78e+05  1.79e+05  4.94e+06 
      102  8.77e+05  1.78e+05  4.95e+06 
      102  8.76e+05  1.77e+05  4.95e+06 
      102  8.76e+05  1.75e+05  4.95e+06 
      102  8.75e+05  1.74e+05  4.95e+06 
      102  8.74e+05  1.73e+05  4.95e+06 
      102  8.74e+05  1.71e+05  4.96e+06 
      102  8.73e+05   1.7e+05  4.96e+06 
      102  8.72e+05  1.69e+05  4.96e+06 
      102  8.72e+05  1.68e+05  4.96e+06 
      102  8.71e+05  1.66e+05  4.96e+06 
      102   8.7e+05  1.65e+05  4.96e+06 
      103   8.7e+05  1.64e+05  4.97e+06 
      103  8.69e+05  1.62e+05  4.97e+06 
      103  8.68e+05  1.61e+05  4.97e+06 
      103  8.68e+05   1.6e+05  4.97e+06 
      103  8.67e+05  1.59e+05  4.97e+06 
      103  8.66e+05  1.57e+05  4.98e+06 
      103  8.66e+05  1.56e+05  4.98e+06 
      103  8.65e+05  1.55e+05  4.98e+06 
      103  8.64e+05  1.53e+05  4.98e+06 
      103  8.64e+05  1.52e+05  4.98e+06 
      103  8.63e+05  1.51e+05  4.99e+06 
      104  8.62e+05   1.5e+05  4.99e+06 
      104  8.62e+05  1.48e+05  4.99e+06 
      104  8.61e+05  1.47e+05  4.99e+06 
      104  8.61e+05  1.46e+05  4.99e+06 
      104   8.6e+05  1.45e+05     5e+06 
      104  8.59e+05  1.43e+05     5e+06 
      104  8.59e+05  1.42e+05     5e+06 
      104  8.58e+05  1.41e+05     5e+06 
      104  8.57e+05   1.4e+05     5e+06 
      104  8.57e+05  1.39e+05     5e+06 
      104  8.56e+05  1.37e+05  5.01e+06 
      105  8.56e+05  1.36e+05  5.01e+06 
      105  8.55e+05  1.35e+05  5.01e+06 
      105  8.54e+05  1.34e+05  5.01e+06 
      105  8.54e+05  1.33e+05  5.01e+06 
      105  8.53e+05  1.31e+05  5.02e+06 
      105  8.53e+05   1.3e+05  5.02e+06 
      105  8.52e+05  1.29e+05  5.02e+06 
      105  8.51e+05  1.28e+05  5.02e+06 
      105  8.51e+05  1.27e+05  5.02e+06 
      105   8.5e+05  1.25e+05  5.02e+06 
      105   8.5e+05  1.24e+05  5.03e+06 
      106  8.49e+05  1.23e+05  5.03e+06 
      106  8.49e+05  1.22e+05  5.03e+06 
      106  8.48e+05  1.21e+05  5.03e+06 
      106  8.47e+05   1.2e+05  5.03e+06 
      106  8.47e+05  1.18e+05  5.03e+06 
      106  8.46e+05  1.17e+05  5.04e+06 
      106  8.46e+05  1.16e+05  5.04e+06 
      106  8.45e+05  1.15e+05  5.04e+06 
      106  8.45e+05  1.14e+05  5.04e+06 
      106  8.44e+05  1.13e+05  5.04e+06 
      107  8.43e+05  1.11e+05  5.05e+06 
      107  8.43e+05   1.1e+05  5.05e+06 
      107  8.42e+05  1.09e+05  5.05e+06 
      107  8.42e+05  1.08e+05  5.05e+06 
      107  8.41e+05  1.07e+05  5.05e+06 
      107  8.41e+05  1.06e+05  5.05e+06 
      107   8.4e+05  1.05e+05  5.06e+06 
      107   8.4e+05  1.04e+05  5.06e+06 
      107  8.39e+05  1.02e+05  5.06e+06 
      108  8.39e+05  1.01e+05  5.06e+06 
      108  8.38e+05     1e+05  5.06e+06 
      108  8.38e+05  9.92e+04  5.06e+06 
      108  8.37e+05  9.81e+04  5.06e+06 
      108  8.36e+05   9.7e+04  5.07e+06 
      108  8.36e+05  9.59e+04  5.07e+06 
      108  8.35e+05  9.48e+04  5.07e+06 
      108  8.35e+05  9.37e+04  5.07e+06 
      109  8.34e+05  9.27e+04  5.07e+06 
      109  8.34e+05  9.16e+04  5.07e+06 
      109  8.33e+05  9.05e+04  5.08e+06 
      109  8.33e+05  8.95e+04  5.08e+06 
      109  8.32e+05  8.84e+04  5.08e+06 
      109  8.32e+05  8.73e+04  5.08e+06 
      109  8.31e+05  8.63e+04  5.08e+06 
      109  8.31e+05  8.53e+04  5.08e+06 
      110   8.3e+05  8.42e+04  5.09e+06 
      110   8.3e+05  8.32e+04  5.09e+06 
      110  8.29e+05  8.21e+04  5.09e+06 
      110  8.29e+05  8.11e+04  5.09e+06 
      110  8.28e+05  8.01e+04  5.09e+06 
      110  8.28e+05  7.91e+04  5.09e+06 
      110  8.27e+05  7.81e+04  5.09e+06 
      110  8.27e+05  7.71e+04   5.1e+06 
      111  8.26e+05   7.6e+04   5.1e+06 
      111  8.26e+05   7.5e+04   5.1e+06 
      111  8.26e+05   7.4e+04   5.1e+06 
      111  8.25e+05  7.31e+04   5.1e+06 
      111  8.25e+05  7.21e+04   5.1e+06 
      111  8.24e+05  7.11e+04   5.1e+06 
      111  8.24e+05  7.01e+04  5.11e+06 
      112  8.23e+05  6.91e+04  5.11e+06 
      112  8.23e+05  6.82e+04  5.11e+06 
      112  8.22e+05  6.72e+04  5.11e+06 
      112  8.22e+05  6.62e+04  5.11e+06 
      112  8.21e+05  6.53e+04  5.11e+06 
      112  8.21e+05  6.43e+04  5.11e+06 
      112   8.2e+05  6.34e+04  5.12e+06 
      113   8.2e+05  6.24e+04  5.12e+06 
      113   8.2e+05  6.15e+04  5.12e+06 
      113  8.19e+05  6.06e+04  5.12e+06 
      113  8.19e+05  5.96e+04  5.12e+06 
      113  8.18e+05  5.87e+04  5.12e+06 
      113  8.18e+05  5.78e+04  5.12e+06 
      114  8.17e+05  5.69e+04  5.13e+06 
      114  8.17e+05   5.6e+04  5.13e+06 
      114  8.17e+05  5.51e+04  5.13e+06 
      114  8.16e+05  5.42e+04  5.13e+06 
      114  8.16e+05  5.33e+04  5.13e+06 
      114  8.15e+05  5.24e+04  5.13e+06 
      115  8.15e+05  5.15e+04  5.13e+06 
      115  8.15e+05  5.07e+04  5.13e+06 
      115  8.14e+05  4.98e+04  5.14e+06 
      115  8.14e+05  4.89e+04  5.14e+06 
      115  8.13e+05  4.81e+04  5.14e+06 
      115  8.13e+05  4.72e+04  5.14e+06 
      116  8.13e+05  4.63e+04  5.14e+06 
      116  8.12e+05  4.55e+04  5.14e+06 
      116  8.12e+05  4.47e+04  5.14e+06 
      116  8.11e+05  4.38e+04  5.14e+06 
      116  8.11e+05   4.3e+04  5.15e+06 
      117  8.11e+05  4.22e+04  5.15e+06 
      117   8.1e+05  4.14e+04  5.15e+06 
      117   8.1e+05  4.06e+04  5.15e+06 
      117   8.1e+05  3.97e+04  5.15e+06 
      117  8.09e+05  3.89e+04  5.15e+06 
      118  8.09e+05  3.82e+04  5.15e+06 
      118  8.08e+05  3.74e+04  5.15e+06 
      118  8.08e+05  3.66e+04  5.16e+06 
      118  8.08e+05  3.58e+04  5.16e+06 
      119  8.07e+05   3.5e+04  5.16e+06 
      119  8.07e+05  3.43e+04  5.16e+06 
      119  8.07e+05  3.35e+04  5.16e+06 
      119  8.06e+05  3.28e+04  5.16e+06 
      119  8.06e+05   3.2e+04  5.16e+06 
      120  8.06e+05  3.13e+04  5.16e+06 
      120  8.05e+05  3.05e+04  5.16e+06 
      120  8.05e+05  2.98e+04  5.17e+06 
      120  8.05e+05  2.91e+04  5.17e+06 
      121  8.04e+05  2.84e+04  5.17e+06 
      121  8.04e+05  2.77e+04  5.17e+06 
      121  8.04e+05   2.7e+04  5.17e+06 
      121  8.03e+05  2.63e+04  5.17e+06 
      122  8.03e+05  2.56e+04  5.17e+06 
      122  8.03e+05  2.49e+04  5.17e+06 
      122  8.02e+05  2.42e+04  5.17e+06 
      123  8.02e+05  2.35e+04  5.17e+06 
      123  8.02e+05  2.29e+04  5.18e+06 
      123  8.02e+05  2.22e+04  5.18e+06 
      123  8.01e+05  2.16e+04  5.18e+06 
      124  8.01e+05  2.09e+04  5.18e+06 
      124  8.01e+05  2.03e+04  5.18e+06 
      124     8e+05  1.97e+04  5.18e+06 
      125     8e+05  1.91e+04  5.18e+06 
      125     8e+05  1.84e+04  5.18e+06 
      125     8e+05  1.78e+04  5.18e+06 
      126  7.99e+05  1.72e+04  5.18e+06 
      126  7.99e+05  1.66e+04  5.18e+06 
      126  7.99e+05  1.61e+04  5.19e+06 
      127  7.98e+05  1.55e+04  5.19e+06 
      127  7.98e+05  1.49e+04  5.19e+06 
      128  7.98e+05  1.44e+04  5.19e+06 
      128  7.98e+05  1.38e+04  5.19e+06 
      128  7.97e+05  1.33e+04  5.19e+06 
      129  7.97e+05  1.27e+04  5.19e+06 
      129  7.97e+05  1.22e+04  5.19e+06 
      130  7.97e+05  1.17e+04  5.19e+06 
      130  7.97e+05  1.12e+04  5.19e+06 
      131  7.96e+05  1.07e+04  5.19e+06 
      131  7.96e+05  1.02e+04  5.19e+06 
      132  7.96e+05  9.71e+03  5.19e+06 
      132  7.96e+05  9.24e+03   5.2e+06 
      133  7.95e+05  8.78e+03   5.2e+06 
      133  7.95e+05  8.32e+03   5.2e+06 
      134  7.95e+05  7.88e+03   5.2e+06 
      134  7.95e+05  7.44e+03   5.2e+06 
      135  7.95e+05  7.02e+03   5.2e+06 
      135  7.95e+05   6.6e+03   5.2e+06 
      136  7.94e+05   6.2e+03   5.2e+06 
      137  7.94e+05   5.8e+03   5.2e+06 
      137  7.94e+05  5.42e+03   5.2e+06 
      138  7.94e+05  5.05e+03   5.2e+06 
      139  7.94e+05  4.68e+03   5.2e+06 
      140  7.93e+05  4.33e+03   5.2e+06 
      141  7.93e+05  3.99e+03   5.2e+06 
      141  7.93e+05  3.67e+03   5.2e+06 
      142  7.93e+05  3.35e+03   5.2e+06 
      143  7.93e+05  3.05e+03   5.2e+06 
      144  7.93e+05  2.76e+03   5.2e+06 
      145  7.93e+05  2.48e+03   5.2e+06 
      147  7.93e+05  2.21e+03  5.21e+06 
      148  7.92e+05  1.96e+03  5.21e+06 
      149  7.92e+05  1.72e+03  5.21e+06 
      150  7.92e+05  1.57e+03  5.21e+06 
